0,291596,291596,294353,294353,
1,291593,291593,294349,294351,
2,291593,291593,294344,294347,
3,291591,291590,294340,294342,
4,291587,291587,294336,294339,
5,291585,291585,294333,294336,
6,291585,291584,294328,294335,
7,291581,291579,294326,294331,
8,291579,291579,294322,294330,
9,291576,291575,294320,294327,
10,291575,291574,294315,294324,
11,291571,291571,294311,294322,
12,291569,291569,294300,294318,
13,291567,291567,294293,294313,
14,291566,291565,294288,294307,
15,291564,291562,294277,294304,
16,291560,291559,294267,294300,
17,291557,291556,294257,294298,
18,291556,291554,294243,294292,
19,291552,291552,294234,294285,
20,291550,291549,294224,294277,
21,291549,291545,294207,294268,
22,291546,291542,294188,294264,
23,291543,291542,294179,294261,
24,291541,291539,294157,294258,
25,291539,291537,294138,294251,
26,291535,291533,294117,294239,
27,291532,291531,294089,294236,
28,291530,291527,294059,294232,
29,291528,291526,294015,294228,
30,291523,291524,293956,294221,
31,291522,291522,293892,294215,
32,291521,291519,293786,294209,
33,291521,291516,293663,294202,
34,291516,291515,293522,294195,
35,291512,291510,293319,294188,
36,291512,291509,293077,294185,
37,291509,291507,292555,294177,
38,291507,291504,291817,294169,
39,291503,291501,290877,294145,
40,291501,291499,289494,294102,
41,291500,291498,287998,294053,
42,291499,291497,285901,293951,
43,291498,291494,282770,293764,
44,291498,291494,278135,293645,
45,291495,291492,272028,293446,
46,291493,291489,266539,293262,
47,291491,291484,263269,292811,
48,291486,291481,260329,291391,
49,291485,291481,257126,289589,
50,291483,291481,253563,288290,
51,291483,291481,247492,286553,
52,291482,291480,241604,285350,
53,291481,291479,231027,284072,
54,291481,291478,224875,282734,
55,291480,291478,212636,280765,
56,291480,291477,201298,278573,
57,291478,291472,192519,276457,
58,291476,291468,181692,273393,
59,291471,291464,175756,270623,
60,291469,291464,168010,266924,
61,291469,291460,162405,259615,
62,291467,291460,157915,250098,
63,291467,291460,151091,239440,
64,291465,291459,145971,232656,
65,291462,291455,139479,227331,
66,291461,291454,133539,218450,
67,291459,291453,126020,209059,
68,291459,291452,120519,194969,
69,291456,291447,114809,182985,
70,291453,291444,107980,165129,
71,291452,291443,101192,152900,
72,291446,291441,92385,143382,
73,291445,291438,81968,132016,
74,291444,291430,70642,118596,
75,291438,291427,63044,106128,
76,291431,291419,55889,90730,
77,291430,291386,49000,76656,
78,291425,291234,42959,65012,
79,291422,291068,34999,56118,
80,291409,290744,27942,46830,
81,291371,289862,22330,38560,
82,291344,289546,18879,33438,
83,291260,289166,16529,29143,
84,291160,288868,14943,25591,
85,290991,288445,13889,23392,
86,290778,288117,13015,21511,
87,290551,287735,12666,19660,
88,290153,287362,12517,17992,
89,289809,287070,12369,16228,
90,289467,286849,12251,14961,
91,289066,286586,12138,14208,
92,288760,286365,11984,13734,
93,288469,286121,11862,13337,
94,288181,285728,11724,13002,
95,287641,285268,11574,12759,
96,287210,284772,11434,12500,
97,286825,284266,11286,12302,
98,286401,283777,11165,12116,
99,285994,283327,11049,11873,
100,285570,282894,10930,11655,
101,284964,282398,10809,11464,
102,284178,281672,10678,11284,
103,283524,280908,10551,11096,
104,282773,280211,10411,10905,
105,282025,279300,10247,10688,
106,281053,278642,10070,10450,
107,280168,277829,9888,10256,
108,279405,276838,9714,10058,
109,278648,275623,9541,9859,
110,277548,274508,9342,9661,
111,276564,273258,9126,9405,
112,275518,271679,8908,9153,
113,274216,270339,8708,8900,
114,273161,268765,8477,8637,
115,272103,266308,8250,8358,
116,271174,263434,8040,8066,
117,269946,260263,7798,7763,
118,267997,257691,7571,7422,
119,266400,254897,7386,7056,
120,264431,252261,7186,6740,
121,262331,249162,6979,6456,
122,260277,244192,6791,6196,
123,257835,240058,6601,5941,
124,255419,235607,6433,5680,
125,253266,231734,6253,5433,
126,249562,227352,6056,5206,
127,246074,222075,5853,4926,
128,242211,216082,5639,4700,
129,238945,209469,5438,4424,
130,235093,204905,5257,4171,
131,231013,197798,5085,3936,
132,225524,191577,4932,3658,
133,220015,184199,4780,3375,
134,215101,176185,4661,3114,
135,208728,166194,4521,2866,
136,202751,158907,4374,2552,
137,195609,153136,4234,2243,
138,189496,143851,4072,1922,
139,183705,134939,3893,1609,
140,174867,126025,3747,1363,
141,167248,114528,3596,1127,
142,157984,106480,3444,868,
143,149500,99613,3321,670,
144,142054,94859,3195,470,
145,133966,89377,3019,322,
146,125609,83455,2858,234,
147,117543,75638,2689,162,
148,110093,67227,2518,108,
149,101615,59679,2402,78,
150,95957,52306,2286,57,
151,91269,49091,2186,39,
152,87176,44647,2024,22,
153,81347,39504,1886,12,
154,77612,35689,1732,8,
155,72181,31532,1633,4,
156,67039,26367,1549,1,
157,62855,22197,1458,0,
158,58645,19150,1356,0,
159,52280,17182,1244,0,
160,48351,15733,1130,0,
161,46125,14487,1050,0,
162,43212,13289,941,0,
163,39305,12109,855,0,
164,34708,10685,762,0,
165,27043,8862,668,0,
166,24093,7704,555,0,
167,20874,6977,411,0,
168,18120,6611,267,0,
169,15151,6252,145,0,
170,12276,5902,76,0,
171,10559,5518,34,0,
172,8283,5196,12,0,
173,7392,4871,3,0,
174,6804,4561,0,0,
175,6368,4310,0,0,
176,5978,4070,0,0,
177,5566,3800,0,0,
178,5205,3514,0,0,
179,4900,3245,0,0,
180,4566,2992,0,0,
181,4297,2785,0,0,
182,4031,2616,0,0,
183,3740,2407,0,0,
184,3443,2208,0,0,
185,3189,2027,0,0,
186,2946,1812,0,0,
187,2624,1588,0,0,
188,2406,1369,0,0,
189,2234,1122,0,0,
190,2059,921,0,0,
191,1867,859,0,0,
192,1706,785,0,0,
193,1588,721,0,0,
194,1416,674,0,0,
195,1259,654,0,0,
196,1105,625,0,0,
197,954,594,0,0,
198,884,546,0,0,
199,850,505,0,0,
200,822,467,0,0,
201,769,441,0,0,
202,737,401,0,0,
203,689,355,0,0,
204,667,313,0,0,
205,639,255,0,0,
206,607,189,0,0,
207,568,138,0,0,
208,512,99,0,0,
209,482,65,0,0,
210,459,55,0,0,
211,412,37,0,0,
212,359,25,0,0,
213,320,14,0,0,
214,269,5,0,0,
215,217,0,0,0,
216,159,0,0,0,
217,111,0,0,0,
218,83,0,0,0,
219,61,0,0,0,
220,36,0,0,0,
221,27,0,0,0,
222,17,0,0,0,
223,12,0,0,0,
224,6,0,0,0,
225,6,0,0,0,
226,2,0,0,0,
227,1,0,0,0,
228,0,0,0,0,
229,0,0,0,0,
230,0,0,0,0,
231,0,0,0,0,
232,0,0,0,0,
233,0,0,0,0,
234,0,0,0,0,
235,0,0,0,0,
236,0,0,0,0,
237,0,0,0,0,
238,0,0,0,0,
239,0,0,0,0,
240,0,0,0,0,
241,0,0,0,0,
242,0,0,0,0,
243,0,0,0,0,
244,0,0,0,0,
245,0,0,0,0,
246,0,0,0,0,
247,0,0,0,0,
248,0,0,0,0,
249,0,0,0,0,
250,0,0,0,0,
251,0,0,0,0,
252,0,0,0,0,
253,0,0,0,0,
254,0,0,0,0,
255,0,0,0,0,

0,291596,291596,294353,294353,
1,291593,291593,294351,294351,
2,291593,291593,294350,294349,
3,291591,291589,294345,294347,
4,291587,291587,294341,294344,
5,291587,291587,294339,294339,
6,291585,291584,294337,294337,
7,291579,291579,294335,294335,
8,291579,291579,294332,294334,
9,291579,291579,294330,294333,
10,291576,291573,294328,294330,
11,291571,291572,294325,294327,
12,291570,291570,294324,294324,
13,291569,291569,294323,294324,
14,291567,291565,294319,294320,
15,291563,291562,294315,294318,
16,291563,291562,294312,294316,
17,291559,291557,294309,294312,
18,291555,291556,294307,294310,
19,291555,291554,294304,294308,
20,291552,291551,294304,294305,
21,291550,291548,294300,294303,
22,291547,291545,294299,294300,
23,291544,291543,294293,294299,
24,291542,291540,294289,294295,
25,291539,291538,294286,294291,
26,291538,291536,294284,294287,
27,291535,291532,294281,294287,
28,291533,291531,294281,294286,
29,291529,291529,294278,294281,
30,291526,291526,294277,294277,
31,291525,291523,294273,294276,
32,291522,291519,294271,294272,
33,291520,291519,294268,294269,
34,291519,291517,294265,294265,
35,291517,291517,294260,294261,
36,291516,291513,294256,294256,
37,291510,291508,294252,294254,
38,291510,291508,294249,294251,
39,291506,291505,294243,294246,
40,291506,291504,294242,294238,
41,291502,291503,294233,294233,
42,291499,291497,294228,294231,
43,291498,291496,294222,294227,
44,291497,291495,294215,294224,
45,291497,291493,294211,294217,
46,291497,291493,294205,294213,
47,291493,291491,294204,294210,
48,291490,291487,294196,294206,
49,291489,291486,294177,294201,
50,291488,291484,294148,294197,
51,291481,291481,294105,294194,
52,291481,291478,294062,294190,
53,291481,291478,294001,294183,
54,291480,291477,293851,294177,
55,291478,291475,293301,294171,
56,291478,291475,292071,294134,
57,291478,291475,290739,293838,
58,291478,291473,289457,293466,
59,291475,291471,288151,292788,
60,291475,291471,286914,290969,
61,291474,291470,284711,288732,
62,291467,291467,281802,287511,
63,291464,291463,278128,286042,
64,291463,291459,273891,285100,
65,291463,291458,270017,284430,
66,291462,291457,266832,283688,
67,291462,291456,264295,282895,
68,291460,291455,261333,281630,
69,291459,291455,259055,280215,
70,291456,291453,256196,278060,
71,291456,291451,252727,276812,
72,291456,291449,248377,275747,
73,291452,291449,243274,274612,
74,291452,291448,238025,273059,
75,291449,291445,228126,269649,
76,291446,291444,222556,265147,
77,291441,291441,211447,256474,
78,291440,291437,196323,243526,
79,291439,291434,186015,232774,
80,291437,291298,177089,226550,
81,291430,291093,170787,219470,
82,291422,290650,163287,210026,
83,291409,290244,157331,195861,
84,291367,289405,150321,181039,
85,291322,289184,144037,160973,
86,291185,288860,136945,148234,
87,290914,288384,131512,140098,
88,290495,288014,126381,129614,
89,290120,287605,119336,116543,
90,289715,287247,113123,104153,
91,289173,286819,104926,92104,
92,288789,286521,95527,77829,
93,288419,286156,87238,62667,
94,287824,285705,80146,52583,
95,287260,285059,72338,45356,
96,286582,284464,63360,38917,
97,285954,283865,58216,33252,
98,285397,283373,52848,28420,
99,284903,282974,45506,25573,
100,284442,282481,38271,22957,
101,283782,282049,33417,21269,
102,282876,281430,28239,19589,
103,281657,280648,22874,18086,
104,280647,279524,19735,16656,
105,279750,278560,16968,15651,
106,278870,277617,14317,14621,
107,277878,276225,13393,13995,
108,276773,274653,12797,13563,
109,274631,272312,12491,13187,
110,273041,269900,12348,12877,
111,271729,267313,12210,12623,
112,269991,265376,12075,12400,
113,268451,263044,11945,12177,
114,267166,259101,11792,11911,
115,265391,256391,11655,11694,
116,262860,252509,11523,11486,
117,260081,248387,11374,11302,
118,257677,244267,11252,11072,
119,255249,241446,11129,10840,
120,252555,238761,10996,10594,
121,249041,234620,10851,10344,
122,245484,230205,10669,10164,
123,241078,225240,10504,9995,
124,236703,219457,10317,9808,
125,232103,213816,10137,9607,
126,227200,209186,9975,9370,
127,222592,206152,9819,9129,
128,217251,201795,9650,8862,
129,211303,196655,9482,8652,
130,204952,190276,9302,8412,
131,200320,181343,9142,8125,
132,194128,170829,8963,7843,
133,189409,162316,8775,7560,
134,184410,157623,8573,7209,
135,177379,150515,8402,6870,
136,166715,141620,8224,6531,
137,151753,132046,8009,6262,
138,141813,119650,7801,5963,
139,133386,109911,7550,5674,
140,127296,101288,7357,5421,
141,122494,96530,7170,5171,
142,115894,90761,7011,4964,
143,108372,84278,6818,4778,
144,97776,73645,6658,4570,
145,91723,63258,6497,4289,
146,85567,54180,6338,4044,
147,80164,48968,6186,3807,
148,75577,45722,6007,3576,
149,71610,39854,5773,3234,
150,66135,34102,5570,2928,
151,59100,28507,5371,2637,
152,54872,23264,5201,2320,
153,52091,20134,5033,2040,
154,49337,17754,4867,1769,
155,46917,16172,4725,1537,
156,44697,14312,4604,1315,
157,41413,12629,4470,1114,
158,34394,10431,4332,899,
159,29754,9315,4176,684,
160,25612,8627,4035,519,
161,22787,8212,3934,337,
162,20438,7779,3823,199,
163,18027,7315,3695,119,
164,15882,6905,3580,81,
165,13628,6552,3418,55,
166,11090,6156,3247,37,
167,9613,5744,3038,22,
168,7379,5385,2844,13,
169,6415,5006,2661,8,
170,5801,4598,2514,4,
171,5405,4295,2397,1,
172,5087,4014,2259,0,
173,4760,3714,2115,0,
174,4480,3401,1953,0,
175,4169,3102,1817,0,
176,3866,2868,1686,0,
177,3600,2676,1564,0,
178,3354,2517,1458,0,
179,3094,2312,1350,0,
180,2839,2098,1239,0,
181,2591,1906,1126,0,
182,2357,1691,1036,0,
183,2155,1485,957,0,
184,1951,1271,855,0,
185,1805,1023,755,0,
186,1662,806,655,0,
187,1480,721,507,0,
188,1298,675,345,0,
189,1150,628,205,0,
190,1007,594,123,0,
191,951,546,52,0,
192,904,505,23,0,
193,864,467,8,0,
194,834,441,0,0,
195,805,401,0,0,
196,776,355,0,0,
197,733,313,0,0,
198,689,255,0,0,
199,648,189,0,0,
200,627,138,0,0,
201,599,99,0,0,
202,561,65,0,0,
203,522,55,0,0,
204,470,37,0,0,
205,446,25,0,0,
206,416,14,0,0,
207,366,5,0,0,
208,311,0,0,0,
209,270,0,0,0,
210,207,0,0,0,
211,159,0,0,0,
212,108,0,0,0,
213,68,0,0,0,
214,49,0,0,0,
215,36,0,0,0,
216,21,0,0,0,
217,14,0,0,0,
218,11,0,0,0,
219,5,0,0,0,
220,1,0,0,0,
221,0,0,0,0,
222,0,0,0,0,
223,0,0,0,0,
224,0,0,0,0,
225,0,0,0,0,
226,0,0,0,0,
227,0,0,0,0,
228,0,0,0,0,
229,0,0,0,0,
230,0,0,0,0,
231,0,0,0,0,
232,0,0,0,0,
233,0,0,0,0,
234,0,0,0,0,
235,0,0,0,0,
236,0,0,0,0,
237,0,0,0,0,
238,0,0,0,0,
239,0,0,0,0,
240,0,0,0,0,
241,0,0,0,0,
242,0,0,0,0,
243,0,0,0,0,
244,0,0,0,0,
245,0,0,0,0,
246,0,0,0,0,
247,0,0,0,0,
248,0,0,0,0,
249,0,0,0,0,
250,0,0,0,0,
251,0,0,0,0,
252,0,0,0,0,
253,0,0,0,0,
254,0,0,0,0,
255,0,0,0,0,

0,291596,291596,294353,294353,
1,291593,291593,294351,294351,
2,291593,291593,294350,294351,
3,291589,291589,294346,294347,
4,291587,291587,294341,294344,
5,291585,291585,294340,294339,
6,291583,291581,294339,294339,
7,291579,291579,294336,294336,
8,291579,291579,294334,294334,
9,291576,291573,294331,294333,
10,291571,291573,294330,294331,
11,291571,291571,294327,294329,
12,291569,291567,294324,294325,
13,291566,291564,294324,294324,
14,291563,291562,294322,294322,
15,291560,291559,294318,294320,
16,291558,291557,294317,294317,
17,291555,291555,294313,294314,
18,291552,291549,294309,294311,
19,291549,291549,294307,294310,
20,291548,291547,294306,294306,
21,291545,291542,294304,294305,
22,291542,291540,294302,294301,
23,291538,291539,294299,294300,
24,291536,291534,294296,294298,
25,291534,291532,294292,294295,
26,291530,291530,294288,294291,
27,291528,291527,294285,294289,
28,291525,291523,294284,294287,
29,291522,291521,294282,294286,
30,291520,291518,294280,294281,
31,291520,291518,294279,294280,
32,291516,291516,294277,294277,
33,291513,291512,294273,294276,
34,291510,291509,294270,294274,
35,291509,291507,294270,294270,
36,291505,291504,294267,294268,
37,291503,291503,294264,294265,
38,291498,291498,294262,294262,
39,291498,291495,294259,294260,
40,291497,291493,294258,294258,
41,291497,291492,294257,294255,
42,291496,291491,294253,294250,
43,291491,291489,294248,294247,
44,291490,291487,294247,294245,
45,291489,291484,294245,294242,
46,291483,291483,294244,294237,
47,291481,291478,294241,294233,
48,291481,291475,294237,294227,
49,291479,291475,294230,294224,
50,291478,291475,294225,294223,
51,291478,291475,294218,294217,
52,291478,291472,294215,294211,
53,291475,291472,294207,294205,
54,291475,291472,294192,294202,
55,291474,291470,294185,294201,
56,291469,291467,294168,294196,
57,291466,291465,294144,294189,
58,291464,291459,294103,294183,
59,291463,291457,294054,294177,
60,291462,291455,293997,294145,
61,291460,291455,293944,294023,
62,291459,291454,293852,293860,
63,291457,291451,293659,293374,
64,291456,291449,292807,292668,
65,291453,291448,291495,291517,
66,291450,291448,290259,289993,
67,291446,291443,288740,288224,
68,291441,291439,287288,287016,
69,291437,291437,284739,285941,
70,291424,291432,279883,284967,
71,291420,291426,273578,283964,
72,291415,291386,267838,282893,
73,291404,291277,264297,281367,
74,291396,291139,261042,279611,
75,291377,290862,257198,277433,
76,291315,289963,252681,275648,
77,291258,289489,244763,273871,
78,291118,289017,237685,272143,
79,290827,288599,225986,267801,
80,290421,288048,219162,262360,
81,290015,287360,207488,255516,
82,289430,286384,198166,243391,
83,288624,285498,191799,232681,
84,287748,284570,185719,224808,
85,286996,283838,176917,219402,
86,286259,283285,167290,208207,
87,285417,282735,161554,197216,
88,284110,282119,156918,185400,
89,282606,281122,152636,172021,
90,280578,279983,148022,155034,
91,278769,278944,142304,143212,
92,277474,277692,135356,136124,
93,276056,276539,126698,125816,
94,274468,274903,121324,111685,
95,273109,273011,115102,100360,
96,271229,270531,109330,89494,
97,268713,268199,102605,74326,
98,267127,265951,94616,63838,
99,266179,263200,84882,55594,
100,264933,261163,72979,50306,
101,263513,257845,65790,44445,
102,261210,254802,60945,38381,
103,258252,250008,56082,34297,
104,253823,245934,50809,30911,
105,251033,241551,44863,26948,
106,247867,237624,37525,24348,
107,244976,235011,30038,21821,
108,240649,230390,25135,19324,
109,236166,225231,21533,16992,
110,230280,217603,19019,15525,
111,223080,211523,17314,14390,
112,219048,207405,15199,13674,
113,214910,201521,13123,13193,
114,210449,196729,12501,12844,
115,203848,189356,12358,12535,
116,197715,180983,12194,12301,
117,189011,171781,12053,12062,
118,177262,162102,11911,11845,
119,169026,154625,11763,11609,
120,162112,147330,11620,11353,
121,156172,139589,11479,11090,
122,146355,128314,11338,10854,
123,137980,118987,11231,10618,
124,128564,111069,11088,10403,
125,119921,99421,10931,10215,
126,114366,93458,10786,10040,
127,107959,85096,10634,9843,
128,102412,78111,10472,9611,
129,95375,68086,10325,9322,
130,90252,60316,10155,9038,
131,83222,52022,10009,8762,
132,77455,42294,9829,8532,
133,74456,36100,9627,8282,
134,70572,32146,9456,8013,
135,66052,26368,9284,7737,
136,60471,22451,9108,7449,
137,56120,20024,8952,7139,
138,49467,17870,8764,6789,
139,45439,16049,8610,6439,
140,42512,14365,8454,6159,
141,38175,12220,8243,5908,
142,29517,10175,8022,5673,
143,25163,9135,7779,5456,
144,22279,8448,7548,5259,
145,19681,7957,7340,5024,
146,16475,7385,7152,4777,
147,13673,6960,6960,4498,
148,11043,6466,6804,4199,
149,7731,5993,6621,3938,
150,6814,5653,6419,3743,
151,6123,5267,6243,3519,
152,5648,4803,6058,3287,
153,5325,4484,5843,3015,
154,5049,4113,5638,2705,
155,4724,3784,5430,2420,
156,4443,3466,5243,2156,
157,4141,3201,5055,1896,
158,3750,3029,4885,1635,
159,3467,2865,4733,1380,
160,3238,2696,4585,1145,
161,2993,2546,4441,934,
162,2787,2375,4290,699,
163,2574,2177,4132,504,
164,2294,1986,3990,358,
165,2026,1770,3860,281,
166,1820,1552,3719,204,
167,1628,1305,3578,146,
168,1403,1051,3439,104,
169,1229,822,3283,77,
170,1104,732,3064,55,
171,1036,676,2850,38,
172,989,654,2648,21,
173,949,625,2481,12,
174,901,594,2330,8,
175,872,546,2196,4,
176,851,505,2081,1,
177,823,467,1966,0,
178,773,441,1836,0,
179,739,401,1712,0,
180,692,355,1574,0,
181,669,313,1471,0,
182,641,255,1379,0,
183,607,189,1296,0,
184,570,138,1200,0,
185,513,99,1106,0,
186,484,65,1027,0,
187,459,55,960,0,
188,415,37,867,0,
189,361,25,761,0,
190,320,14,659,0,
191,274,5,519,0,
192,218,0,357,0,
193,163,0,206,0,
194,113,0,119,0,
195,86,0,52,0,
196,61,0,19,0,
197,39,0,7,0,
198,27,0,2,0,
199,19,0,0,0,
200,12,0,0,0,
201,6,0,0,0,
202,6,0,0,0,
203,2,0,0,0,
204,1,0,0,0,
205,0,0,0,0,
206,0,0,0,0,
207,0,0,0,0,
208,0,0,0,0,
209,0,0,0,0,
210,0,0,0,0,
211,0,0,0,0,
212,0,0,0,0,
213,0,0,0,0,
214,0,0,0,0,
215,0,0,0,0,
216,0,0,0,0,
217,0,0,0,0,
218,0,0,0,0,
219,0,0,0,0,
220,0,0,0,0,
221,0,0,0,0,
222,0,0,0,0,
223,0,0,0,0,
224,0,0,0,0,
225,0,0,0,0,
226,0,0,0,0,
227,0,0,0,0,
228,0,0,0,0,
229,0,0,0,0,
230,0,0,0,0,
231,0,0,0,0,
232,0,0,0,0,
233,0,0,0,0,
234,0,0,0,0,
235,0,0,0,0,
236,0,0,0,0,
237,0,0,0,0,
238,0,0,0,0,
239,0,0,0,0,
240,0,0,0,0,
241,0,0,0,0,
242,0,0,0,0,
243,0,0,0,0,
244,0,0,0,0,
245,0,0,0,0,
246,0,0,0,0,
247,0,0,0,0,
248,0,0,0,0,
249,0,0,0,0,
250,0,0,0,0,
251,0,0,0,0,
252,0,0,0,0,
253,0,0,0,0,
254,0,0,0,0,
255,0,0,0,0,

0,291584,291582,294351,294351,
1,291584,291582,294351,294351,
2,291584,291582,294351,294351,
3,291584,291582,294351,294351,
4,291584,291582,294351,294351,
5,291584,291582,294351,294351,
6,291584,291582,294351,294351,
7,291584,291582,294351,294351,
8,291584,291582,294351,294351,
9,291584,291582,294351,294351,
10,291584,291582,294351,294351,
11,291584,291582,294351,294351,
12,291584,291562,294351,294351,
13,291582,291548,294351,294351,
14,291504,291481,294351,294351,
15,291323,291401,294351,294351,
16,290673,291315,294351,294351,
17,284025,286342,294351,294351,
18,281864,285644,294351,294351,
19,252436,275473,294351,294351,
20,205781,272900,294351,294351,
21,155895,238172,294351,294351,
22,141477,230408,294351,294351,
23,135880,225338,294351,294351,
24,109965,169806,294351,294351,
25,32506,74899,294351,294351,
26,28455,68464,294351,294351,
27,17033,57758,294351,294351,
28,15861,52457,294351,294351,
29,15805,52377,294351,294351,
30,14180,47205,294351,294351,
31,14150,47205,294351,294351,
32,13148,43521,294351,294351,
33,12287,40295,294351,294351,
34,2184,4344,294351,294351,
35,2110,4067,294351,294351,
36,2050,3741,294351,294351,
37,2012,3676,294351,294351,
38,1891,3556,294351,294351,
39,1732,3132,294351,294351,
40,1651,3008,294351,294351,
41,375,1208,294351,294351,
42,245,351,294351,294351,
43,203,306,294351,294351,
44,188,287,294351,294351,
45,123,256,294351,294351,
46,117,244,294351,294351,
47,102,242,294351,294351,
48,83,216,294351,294351,
49,75,203,294351,294351,
50,57,170,294351,294351,
51,53,158,294351,294351,
52,53,155,294351,294351,
53,46,138,294351,294351,
54,40,136,294351,294351,
55,37,127,294351,294351,
56,33,122,294351,294351,
57,30,111,294351,294351,
58,30,94,294351,294351,
59,30,94,294351,294351,
60,5,21,294351,294351,
61,5,21,294351,294351,
62,4,17,294351,294351,
63,4,11,294351,294351,
64,4,9,294351,294351,
65,3,6,294351,294351,
66,2,6,294351,294351,
67,1,4,294351,294351,
68,1,3,294351,294351,
69,1,3,294351,294351,
70,0,3,294351,294351,
71,0,3,294351,294351,
72,0,3,294351,294351,
73,0,2,294351,294351,
74,0,2,294351,294351,
75,0,0,294351,294351,
76,0,0,294351,294351,
77,0,0,294351,294351,
78,0,0,294351,294351,
79,0,0,294351,294351,
80,0,0,294351,294351,
81,0,0,294351,294351,
82,0,0,294351,294351,
83,0,0,294351,294351,
84,0,0,294351,294351,
85,0,0,294351,294351,
86,0,0,294351,294334,
87,0,0,294351,294320,
88,0,0,294292,294177,
89,0,0,294256,294177,
90,0,0,293602,291986,
91,0,0,288352,291984,
92,0,0,285858,288629,
93,0,0,267567,281307,
94,0,0,247415,277361,
95,0,0,163733,242567,
96,0,0,107210,168459,
97,0,0,64369,160380,
98,0,0,54798,50016,
99,0,0,9979,38241,
100,0,0,8109,25693,
101,0,0,369,9676,
102,0,0,73,5291,
103,0,0,5,3404,
104,0,0,5,2082,
105,0,0,0,1391,
106,0,0,0,882,
107,0,0,0,507,
108,0,0,0,288,
109,0,0,0,254,
110,0,0,0,60,
111,0,0,0,31,
112,0,0,0,2,
113,0,0,0,2,
114,0,0,0,2,
115,0,0,0,2,
116,0,0,0,2,
117,0,0,0,2,
118,0,0,0,2,
119,0,0,0,2,
120,0,0,0,0,
121,0,0,0,0,
122,0,0,0,0,
123,0,0,0,0,
124,0,0,0,0,
125,0,0,0,0,
126,0,0,0,0,
127,0,0,0,0,
128,0,0,0,0,
129,0,0,0,0,
130,0,0,0,0,
131,0,0,0,0,
132,0,0,0,0,
133,0,0,0,0,
134,0,0,0,0,
135,0,0,0,0,
136,0,0,0,0,
137,0,0,0,0,
138,0,0,0,0,
139,0,0,0,0,
140,0,0,0,0,
141,0,0,0,0,
142,0,0,0,0,
143,0,0,0,0,
144,0,0,0,0,
145,0,0,0,0,
146,0,0,0,0,
147,0,0,0,0,
148,0,0,0,0,
149,0,0,0,0,
150,0,0,0,0,
151,0,0,0,0,
152,0,0,0,0,
153,0,0,0,0,
154,0,0,0,0,
155,0,0,0,0,
156,0,0,0,0,
157,0,0,0,0,
158,0,0,0,0,
159,0,0,0,0,
160,0,0,0,0,
161,0,0,0,0,
162,0,0,0,0,
163,0,0,0,0,
164,0,0,0,0,
165,0,0,0,0,
166,0,0,0,0,
167,0,0,0,0,
168,0,0,0,0,
169,0,0,0,0,
170,0,0,0,0,
171,0,0,0,0,
172,0,0,0,0,
173,0,0,0,0,
174,0,0,0,0,
175,0,0,0,0,
176,0,0,0,0,
177,0,0,0,0,
178,0,0,0,0,
179,0,0,0,0,
180,0,0,0,0,
181,0,0,0,0,
182,0,0,0,0,
183,0,0,0,0,
184,0,0,0,0,
185,0,0,0,0,
186,0,0,0,0,
187,0,0,0,0,
188,0,0,0,0,
189,0,0,0,0,
190,0,0,0,0,
191,0,0,0,0,
192,0,0,0,0,
193,0,0,0,0,
194,0,0,0,0,
195,0,0,0,0,
196,0,0,0,0,
197,0,0,0,0,
198,0,0,0,0,
199,0,0,0,0,
200,0,0,0,0,
201,0,0,0,0,
202,0,0,0,0,
203,0,0,0,0,
204,0,0,0,0,
205,0,0,0,0,
206,0,0,0,0,
207,0,0,0,0,
208,0,0,0,0,
209,0,0,0,0,
210,0,0,0,0,
211,0,0,0,0,
212,0,0,0,0,
213,0,0,0,0,
214,0,0,0,0,
215,0,0,0,0,
216,0,0,0,0,
217,0,0,0,0,
218,0,0,0,0,
219,0,0,0,0,
220,0,0,0,0,
221,0,0,0,0,
222,0,0,0,0,
223,0,0,0,0,
224,0,0,0,0,
225,0,0,0,0,
226,0,0,0,0,
227,0,0,0,0,
228,0,0,0,0,
229,0,0,0,0,
230,0,0,0,0,
231,0,0,0,0,
232,0,0,0,0,
233,0,0,0,0,
234,0,0,0,0,
235,0,0,0,0,
236,0,0,0,0,
237,0,0,0,0,
238,0,0,0,0,
239,0,0,0,0,
240,0,0,0,0,
241,0,0,0,0,
242,0,0,0,0,
243,0,0,0,0,
244,0,0,0,0,
245,0,0,0,0,
246,0,0,0,0,
247,0,0,0,0,
248,0,0,0,0,
249,0,0,0,0,
250,0,0,0,0,
251,0,0,0,0,
252,0,0,0,0,
253,0,0,0,0,
254,0,0,0,0,
255,0,0,0,0,

0,291586,291584,294351,294351,
1,291586,291584,294351,294351,
2,291586,291584,294351,294351,
3,291586,291584,294351,294351,
4,291586,291584,294351,294351,
5,291586,291584,294351,294351,
6,291586,291584,294351,294351,
7,291586,291584,294351,294351,
8,291586,291584,294351,294351,
9,291586,291584,294351,294351,
10,291586,291582,294351,294351,
11,291585,291582,294351,294351,
12,291583,291569,294351,294351,
13,291581,291567,294351,294351,
14,291462,291346,294351,294351,
15,291404,290728,294351,294351,
16,291260,290248,294351,294351,
17,290938,290185,294351,294351,
18,290906,290107,294351,294351,
19,290569,290063,294351,294351,
20,289690,289963,294351,294351,
21,288269,289800,294351,294350,
22,287233,289516,294351,294339,
23,286217,288529,294351,294248,
24,285921,286876,294351,294042,
25,285546,285577,294351,293906,
26,284836,281182,294342,293682,
27,283329,275225,294326,293422,
28,278514,260308,294285,292724,
29,270587,235655,294238,291562,
30,264022,219038,294130,290126,
31,247043,195168,293886,288742,
32,221491,174564,293426,287452,
33,194723,145296,292925,285911,
34,165749,112069,292524,284618,
35,138297,93409,292051,282881,
36,108281,70795,291535,281512,
37,95316,60859,290987,279935,
38,86346,49559,290449,277297,
39,79141,38541,289963,275505,
40,75001,29011,289418,273752,
41,72316,20428,288872,272079,
42,70625,15728,288214,270557,
43,68649,11854,287610,268379,
44,65703,10470,286987,265576,
45,59190,7944,286429,261028,
46,52180,6210,285874,254158,
47,41979,4277,285295,246932,
48,35029,3030,284737,240417,
49,24719,1769,284264,232966,
50,20797,840,283878,223852,
51,16472,277,283438,218263,
52,15019,64,283106,205116,
53,13858,28,282751,182613,
54,12432,3,282489,159228,
55,10364,3,282194,133823,
56,8590,1,281884,115470,
57,6633,1,281620,88662,
58,5041,1,281212,77990,
59,4302,1,280254,65423,
60,2910,1,277912,57231,
61,1631,1,270539,42476,
62,463,1,264235,31436,
63,118,1,255035,27159,
64,14,0,244073,23638,
65,0,0,236274,15125,
66,0,0,219712,12573,
67,0,0,210702,10420,
68,0,0,195955,7679,
69,0,0,183948,6133,
70,0,0,170570,4560,
71,0,0,157718,3675,
72,0,0,146209,2453,
73,0,0,140220,1881,
74,0,0,132099,1530,
75,0,0,124045,1290,
76,0,0,117972,1135,
77,0,0,107753,997,
78,0,0,103894,849,
79,0,0,98101,822,
80,0,0,94797,748,
81,0,0,87013,594,
82,0,0,77436,536,
83,0,0,72158,523,
84,0,0,64226,505,
85,0,0,59365,472,
86,0,0,54863,452,
87,0,0,49913,437,
88,0,0,45208,425,
89,0,0,40734,403,
90,0,0,33879,385,
91,0,0,29433,358,
92,0,0,25641,327,
93,0,0,22885,311,
94,0,0,20071,271,
95,0,0,18174,236,
96,0,0,14474,210,
97,0,0,10915,193,
98,0,0,7721,180,
99,0,0,7296,164,
100,0,0,5907,149,
101,0,0,5040,133,
102,0,0,4800,131,
103,0,0,3906,97,
104,0,0,3453,71,
105,0,0,3213,69,
106,0,0,2498,66,
107,0,0,2458,65,
108,0,0,1863,64,
109,0,0,1766,61,
110,0,0,1689,60,
111,0,0,1620,57,
112,0,0,1526,56,
113,0,0,1414,52,
114,0,0,1290,50,
115,0,0,1241,49,
116,0,0,1172,48,
117,0,0,1114,45,
118,0,0,1071,44,
119,0,0,1001,42,
120,0,0,905,42,
121,0,0,882,38,
122,0,0,755,38,
123,0,0,738,37,
124,0,0,620,37,
125,0,0,610,35,
126,0,0,520,35,
127,0,0,502,31,
128,0,0,425,31,
129,0,0,390,31,
130,0,0,374,24,
131,0,0,339,24,
132,0,0,321,23,
133,0,0,303,23,
134,0,0,284,23,
135,0,0,266,22,
136,0,0,244,22,
137,0,0,242,22,
138,0,0,224,21,
139,0,0,214,21,
140,0,0,195,21,
141,0,0,195,19,
142,0,0,184,19,
143,0,0,176,15,
144,0,0,168,14,
145,0,0,157,14,
146,0,0,150,10,
147,0,0,139,9,
148,0,0,136,9,
149,0,0,133,9,
150,0,0,124,8,
151,0,0,116,8,
152,0,0,113,8,
153,0,0,108,7,
154,0,0,106,7,
155,0,0,101,7,
156,0,0,100,6,
157,0,0,94,6,
158,0,0,93,6,
159,0,0,90,6,
160,0,0,78,4,
161,0,0,75,4,
162,0,0,72,3,
163,0,0,63,3,
164,0,0,61,3,
165,0,0,60,3,
166,0,0,57,3,
167,0,0,56,3,
168,0,0,53,2,
169,0,0,52,2,
170,0,0,45,2,
171,0,0,44,2,
172,0,0,40,1,
173,0,0,35,1,
174,0,0,33,0,
175,0,0,33,0,
176,0,0,32,0,
177,0,0,31,0,
178,0,0,29,0,
179,0,0,26,0,
180,0,0,24,0,
181,0,0,22,0,
182,0,0,19,0,
183,0,0,17,0,
184,0,0,14,0,
185,0,0,12,0,
186,0,0,12,0,
187,0,0,12,0,
188,0,0,11,0,
189,0,0,10,0,
190,0,0,8,0,
191,0,0,5,0,
192,0,0,5,0,
193,0,0,4,0,
194,0,0,3,0,
195,0,0,3,0,
196,0,0,3,0,
197,0,0,3,0,
198,0,0,2,0,
199,0,0,2,0,
200,0,0,2,0,
201,0,0,1,0,
202,0,0,0,0,
203,0,0,0,0,
204,0,0,0,0,
205,0,0,0,0,
206,0,0,0,0,
207,0,0,0,0,
208,0,0,0,0,
209,0,0,0,0,
210,0,0,0,0,
211,0,0,0,0,
212,0,0,0,0,
213,0,0,0,0,
214,0,0,0,0,
215,0,0,0,0,
216,0,0,0,0,
217,0,0,0,0,
218,0,0,0,0,
219,0,0,0,0,
220,0,0,0,0,
221,0,0,0,0,
222,0,0,0,0,
223,0,0,0,0,
224,0,0,0,0,
225,0,0,0,0,
226,0,0,0,0,
227,0,0,0,0,
228,0,0,0,0,
229,0,0,0,0,
230,0,0,0,0,
231,0,0,0,0,
232,0,0,0,0,
233,0,0,0,0,
234,0,0,0,0,
235,0,0,0,0,
236,0,0,0,0,
237,0,0,0,0,
238,0,0,0,0,
239,0,0,0,0,
240,0,0,0,0,
241,0,0,0,0,
242,0,0,0,0,
243,0,0,0,0,
244,0,0,0,0,
245,0,0,0,0,
246,0,0,0,0,
247,0,0,0,0,
248,0,0,0,0,
249,0,0,0,0,
250,0,0,0,0,
251,0,0,0,0,
252,0,0,0,0,
253,0,0,0,0,
254,0,0,0,0,
255,0,0,0,0,

0,291596,291596,294353,294353,
1,291593,291593,294351,294351,
2,291593,291593,294350,294351,
3,291591,291590,294346,294347,
4,291587,291587,294341,294344,
5,291587,291587,294340,294339,
6,291585,291585,294339,294339,
7,291581,291579,294336,294336,
8,291579,291579,294334,294334,
9,291579,291579,294331,294333,
10,291576,291574,294330,294331,
11,291571,291572,294327,294329,
12,291570,291570,294324,294325,
13,291569,291569,294324,294324,
14,291567,291566,294322,294322,
15,291564,291562,294318,294320,
16,291563,291562,294317,294317,
17,291559,291558,294313,294314,
18,291557,291556,294309,294311,
19,291555,291554,294307,294310,
20,291552,291552,294306,294306,
21,291550,291549,294304,294305,
22,291549,291545,294302,294301,
23,291544,291544,294299,294300,
24,291543,291541,294296,294298,
25,291540,291538,294292,294295,
26,291539,291537,294288,294291,
27,291535,291534,294285,294289,
28,291534,291532,294284,294287,
29,291531,291529,294282,294286,
30,291527,291527,294280,294281,
31,291525,291525,294279,294280,
32,291522,291520,294277,294277,
33,291522,291520,294273,294276,
34,291520,291518,294270,294274,
35,291517,291517,294270,294270,
36,291517,291514,294267,294268,
37,291511,291509,294264,294265,
38,291510,291509,294262,294262,
39,291507,291505,294259,294260,
40,291507,291505,294258,294258,
41,291503,291504,294257,294255,
42,291499,291498,294253,294250,
43,291499,291497,294248,294247,
44,291499,291497,294247,294245,
45,291498,291496,294245,294242,
46,291497,291494,294244,294237,
47,291494,291492,294241,294233,
48,291493,291487,294237,294227,
49,291492,291486,294230,294224,
50,291489,291486,294225,294223,
51,291483,291484,294218,294217,
52,291482,291480,294215,294211,
53,291481,291479,294207,294205,
54,291481,291478,294192,294202,
55,291481,291478,294185,294201,
56,291481,291478,294168,294196,
57,291479,291475,294144,294189,
58,291478,291475,294103,294183,
59,291477,291474,294054,294177,
60,291477,291474,293997,294145,
61,291477,291471,293944,294023,
62,291469,291469,293852,293860,
63,291467,291465,293659,293374,
64,291466,291462,292807,292668,
65,291464,291458,291495,291517,
66,291464,291457,290259,289993,
67,291463,291457,288740,288224,
68,291463,291457,287288,287016,
69,291462,291455,284739,285941,
70,291458,291453,279883,284967,
71,291457,291453,273578,283964,
72,291456,291452,267838,282893,
73,291453,291452,264297,281367,
74,291453,291448,261042,279611,
75,291450,291447,257198,277433,
76,291447,291446,252681,275648,
77,291445,291444,244763,273871,
78,291444,291439,237685,272146,
79,291442,291437,225986,267812,
80,291441,291317,219162,262366,
81,291432,291125,207488,255517,
82,291425,290697,198166,243394,
83,291412,290288,191799,232684,
84,291369,289442,185719,224808,
85,291325,289224,176917,219403,
86,291230,288936,167290,208210,
87,291027,288466,161554,197218,
88,290659,288092,156918,185405,
89,290348,287670,152636,172025,
90,289958,287325,148022,155038,
91,289477,286952,142304,143214,
92,289108,286663,135356,136126,
93,288923,286475,126698,125821,
94,288583,286100,121326,111687,
95,288173,285704,115102,100360,
96,287691,285262,109330,89496,
97,287227,284723,102605,74327,
98,286682,284225,94616,63839,
99,286206,283709,84882,55595,
100,285833,283260,72979,50306,
101,285329,282887,65790,44449,
102,284717,282457,60946,38382,
103,284016,281949,56083,34300,
104,283267,281161,50810,30915,
105,282343,280269,44866,26949,
106,281264,279446,37525,24349,
107,280446,278473,30038,21827,
108,279723,277699,25135,19325,
109,279073,276874,21533,16993,
110,278327,275922,19019,15526,
111,277415,274503,17314,14392,
112,276075,272913,15199,13675,
113,274557,271147,13123,13195,
114,273438,269548,12501,12847,
115,272521,267557,12360,12541,
116,271588,264954,12197,12301,
117,270499,262034,12055,12064,
118,268900,259283,11911,11849,
119,267192,256468,11764,11614,
120,264792,253421,11620,11356,
121,262456,250186,11479,11090,
122,260419,246045,11338,10859,
123,258198,242511,11231,10623,
124,256039,238268,11088,10404,
125,253674,233983,10931,10216,
126,249780,229141,10786,10041,
127,246229,223581,10634,9844,
128,242221,217230,10474,9614,
129,238951,211569,10328,9323,
130,235483,207805,10156,9040,
131,232010,201751,10009,8769,
132,226960,195656,9830,8535,
133,221692,187552,9628,8282,
134,216124,178746,9456,8013,
135,209416,168034,9284,7737,
136,203414,161180,9108,7449,
137,196089,156237,8952,7140,
138,189615,147766,8764,6792,
139,183705,137875,8610,6449,
140,174868,127550,8454,6161,
141,167249,115343,8245,5908,
142,157985,107117,8024,5673,
143,149501,100244,7781,5456,
144,142055,95144,7549,5260,
145,133967,89567,7341,5028,
146,125610,83693,7153,4784,
147,117544,75929,6961,4498,
148,110094,67557,6804,4200,
149,101616,59974,6621,3938,
150,95958,52613,6419,3744,
151,91270,49451,6243,3524,
152,87176,44955,6058,3289,
153,81347,39769,5847,3017,
154,77612,35900,5639,2709,
155,72181,31642,5432,2420,
156,67039,26453,5247,2160,
157,62855,22274,5059,1899,
158,58645,19217,4885,1637,
159,52280,17261,4733,1382,
160,48351,15838,4585,1147,
161,46125,14596,4441,934,
162,43212,13406,4290,702,
163,39305,12217,4133,505,
164,34708,10802,3997,360,
165,27043,8980,3864,281,
166,24093,7844,3720,204,
167,20874,7016,3582,146,
168,18120,6611,3440,104,
169,15151,6252,3285,77,
170,12276,5902,3065,55,
171,10559,5518,2854,38,
172,8283,5196,2653,21,
173,7392,4871,2484,12,
174,6804,4561,2335,8,
175,6368,4310,2200,4,
176,5978,4070,2083,1,
177,5566,3800,1967,0,
178,5205,3514,1836,0,
179,4900,3245,1712,0,
180,4566,2992,1574,0,
181,4297,2785,1472,0,
182,4031,2616,1379,0,
183,3740,2407,1296,0,
184,3443,2208,1200,0,
185,3189,2027,1106,0,
186,2946,1812,1027,0,
187,2624,1588,960,0,
188,2406,1369,867,0,
189,2234,1122,761,0,
190,2059,921,659,0,
191,1867,859,519,0,
192,1706,785,357,0,
193,1588,721,206,0,
194,1416,674,119,0,
195,1259,654,52,0,
196,1105,625,19,0,
197,954,594,7,0,
198,884,546,2,0,
199,850,505,0,0,
200,822,467,0,0,
201,769,441,0,0,
202,737,401,0,0,
203,689,355,0,0,
204,667,313,0,0,
205,639,255,0,0,
206,607,189,0,0,
207,568,138,0,0,
208,512,99,0,0,
209,482,65,0,0,
210,459,55,0,0,
211,412,37,0,0,
212,359,25,0,0,
213,320,14,0,0,
214,269,5,0,0,
215,217,0,0,0,
216,159,0,0,0,
217,111,0,0,0,
218,83,0,0,0,
219,61,0,0,0,
220,36,0,0,0,
221,27,0,0,0,
222,17,0,0,0,
223,12,0,0,0,
224,6,0,0,0,
225,6,0,0,0,
226,2,0,0,0,
227,1,0,0,0,
228,0,0,0,0,
229,0,0,0,0,
230,0,0,0,0,
231,0,0,0,0,
232,0,0,0,0,
233,0,0,0,0,
234,0,0,0,0,
235,0,0,0,0,
236,0,0,0,0,
237,0,0,0,0,
238,0,0,0,0,
239,0,0,0,0,
240,0,0,0,0,
241,0,0,0,0,
242,0,0,0,0,
243,0,0,0,0,
244,0,0,0,0,
245,0,0,0,0,
246,0,0,0,0,
247,0,0,0,0,
248,0,0,0,0,
249,0,0,0,0,
250,0,0,0,0,
251,0,0,0,0,
252,0,0,0,0,
253,0,0,0,0,
254,0,0,0,0,
255,0,0,0,0,

0,291584,291582,294351,294351,
1,291584,291582,294351,294351,
2,291584,291582,294351,294351,
3,291584,291582,294351,294351,
4,291584,291582,294351,294351,
5,291584,291582,294351,294351,
6,291584,291582,294351,294351,
7,291584,291582,294351,294351,
8,291584,291582,294351,294351,
9,291584,291582,294351,294351,
10,291584,291582,294351,294351,
11,291584,291582,294351,294351,
12,291584,291562,294351,294351,
13,291582,291548,294351,294351,
14,291504,291481,294351,294351,
15,291323,291401,294351,294351,
16,290595,291291,294351,294351,
17,284025,286342,294351,294351,
18,281864,285644,294351,294351,
19,252422,275473,294351,294351,
20,205781,272900,294351,294351,
21,155895,238172,294351,294351,
22,139857,228813,294351,294351,
23,135880,225338,294351,294351,
24,109965,169806,294351,294351,
25,32506,74899,294351,294351,
26,28455,68464,294351,294351,
27,17025,57610,294351,294351,
28,15827,52377,294351,294351,
29,15805,52377,294351,294351,
30,14180,47205,294351,294351,
31,14150,47205,294351,294351,
32,12836,41471,294351,294351,
33,12287,40295,294351,294351,
34,2183,4316,294351,294351,
35,2110,4067,294351,294351,
36,2050,3741,294351,294351,
37,1982,3664,294351,294351,
38,1891,3556,294351,294351,
39,1732,3132,294351,294351,
40,1651,3008,294351,294351,
41,375,1208,294351,294351,
42,239,343,294351,294351,
43,203,306,294351,294351,
44,188,287,294351,294351,
45,123,256,294351,294351,
46,117,244,294351,294351,
47,102,239,294351,294351,
48,83,216,294351,294351,
49,75,203,294351,294351,
50,57,170,294351,294351,
51,53,158,294351,294351,
52,46,145,294351,294351,
53,46,138,294351,294351,
54,40,136,294351,294351,
55,37,127,294351,294351,
56,33,122,294351,294351,
57,30,111,294351,294351,
58,30,94,294351,294351,
59,30,94,294351,294351,
60,5,21,294351,294351,
61,5,21,294351,294351,
62,4,16,294351,294351,
63,4,11,294351,294351,
64,4,9,294351,294351,
65,3,6,294351,294351,
66,2,6,294351,294351,
67,1,4,294351,294351,
68,1,3,294351,294351,
69,1,3,294351,294351,
70,0,3,294351,294351,
71,0,3,294351,294351,
72,0,3,294351,294351,
73,0,2,294351,294351,
74,0,2,294351,294351,
75,0,0,294351,294351,
76,0,0,294351,294351,
77,0,0,294351,294351,
78,0,0,294351,294351,
79,0,0,294351,294351,
80,0,0,294351,294351,
81,0,0,294351,294351,
82,0,0,294351,294351,
83,0,0,294351,294351,
84,0,0,294351,294351,
85,0,0,294351,294351,
86,0,0,294351,294334,
87,0,0,294351,294320,
88,0,0,294272,294177,
89,0,0,294256,294177,
90,0,0,293602,291986,
91,0,0,288352,291984,
92,0,0,272643,286342,
93,0,0,267567,281307,
94,0,0,247348,275984,
95,0,0,163733,242567,
96,0,0,107210,168459,
97,0,0,64384,160380,
98,0,0,54798,50016,
99,0,0,9979,38241,
100,0,0,8106,25390,
101,0,0,369,9676,
102,0,0,8,5206,
103,0,0,5,3342,
104,0,0,5,2082,
105,0,0,0,1391,
106,0,0,0,797,
107,0,0,0,507,
108,0,0,0,288,
109,0,0,0,254,
110,0,0,0,60,
111,0,0,0,31,
112,0,0,0,2,
113,0,0,0,2,
114,0,0,0,2,
115,0,0,0,2,
116,0,0,0,2,
117,0,0,0,2,
118,0,0,0,2,
119,0,0,0,2,
120,0,0,0,0,
121,0,0,0,0,
122,0,0,0,0,
123,0,0,0,0,
124,0,0,0,0,
125,0,0,0,0,
126,0,0,0,0,
127,0,0,0,0,
128,0,0,0,0,
129,0,0,0,0,
130,0,0,0,0,
131,0,0,0,0,
132,0,0,0,0,
133,0,0,0,0,
134,0,0,0,0,
135,0,0,0,0,
136,0,0,0,0,
137,0,0,0,0,
138,0,0,0,0,
139,0,0,0,0,
140,0,0,0,0,
141,0,0,0,0,
142,0,0,0,0,
143,0,0,0,0,
144,0,0,0,0,
145,0,0,0,0,
146,0,0,0,0,
147,0,0,0,0,
148,0,0,0,0,
149,0,0,0,0,
150,0,0,0,0,
151,0,0,0,0,
152,0,0,0,0,
153,0,0,0,0,
154,0,0,0,0,
155,0,0,0,0,
156,0,0,0,0,
157,0,0,0,0,
158,0,0,0,0,
159,0,0,0,0,
160,0,0,0,0,
161,0,0,0,0,
162,0,0,0,0,
163,0,0,0,0,
164,0,0,0,0,
165,0,0,0,0,
166,0,0,0,0,
167,0,0,0,0,
168,0,0,0,0,
169,0,0,0,0,
170,0,0,0,0,
171,0,0,0,0,
172,0,0,0,0,
173,0,0,0,0,
174,0,0,0,0,
175,0,0,0,0,
176,0,0,0,0,
177,0,0,0,0,
178,0,0,0,0,
179,0,0,0,0,
180,0,0,0,0,
181,0,0,0,0,
182,0,0,0,0,
183,0,0,0,0,
184,0,0,0,0,
185,0,0,0,0,
186,0,0,0,0,
187,0,0,0,0,
188,0,0,0,0,
189,0,0,0,0,
190,0,0,0,0,
191,0,0,0,0,
192,0,0,0,0,
193,0,0,0,0,
194,0,0,0,0,
195,0,0,0,0,
196,0,0,0,0,
197,0,0,0,0,
198,0,0,0,0,
199,0,0,0,0,
200,0,0,0,0,
201,0,0,0,0,
202,0,0,0,0,
203,0,0,0,0,
204,0,0,0,0,
205,0,0,0,0,
206,0,0,0,0,
207,0,0,0,0,
208,0,0,0,0,
209,0,0,0,0,
210,0,0,0,0,
211,0,0,0,0,
212,0,0,0,0,
213,0,0,0,0,
214,0,0,0,0,
215,0,0,0,0,
216,0,0,0,0,
217,0,0,0,0,
218,0,0,0,0,
219,0,0,0,0,
220,0,0,0,0,
221,0,0,0,0,
222,0,0,0,0,
223,0,0,0,0,
224,0,0,0,0,
225,0,0,0,0,
226,0,0,0,0,
227,0,0,0,0,
228,0,0,0,0,
229,0,0,0,0,
230,0,0,0,0,
231,0,0,0,0,
232,0,0,0,0,
233,0,0,0,0,
234,0,0,0,0,
235,0,0,0,0,
236,0,0,0,0,
237,0,0,0,0,
238,0,0,0,0,
239,0,0,0,0,
240,0,0,0,0,
241,0,0,0,0,
242,0,0,0,0,
243,0,0,0,0,
244,0,0,0,0,
245,0,0,0,0,
246,0,0,0,0,
247,0,0,0,0,
248,0,0,0,0,
249,0,0,0,0,
250,0,0,0,0,
251,0,0,0,0,
252,0,0,0,0,
253,0,0,0,0,
254,0,0,0,0,
255,0,0,0,0,

0,291596,291596,294353,294353,
1,291593,291593,294351,294351,
2,291593,291593,294349,294351,
3,291591,291590,294344,294347,
4,291587,291587,294340,294339,
5,291587,291587,294339,294339,
6,291585,291585,294336,294336,
7,291581,291579,294333,294335,
8,291579,291579,294328,294331,
9,291579,291579,294328,294331,
10,291571,291573,294326,294328,
11,291571,291572,294324,294325,
12,291570,291570,294320,294324,
13,291569,291568,294317,294321,
14,291566,291564,294314,294319,
15,291563,291562,294311,294317,
16,291559,291557,294307,294311,
17,291559,291557,294305,294309,
18,291555,291554,294302,294305,
19,291552,291552,294301,294305,
20,291550,291548,294295,294301,
21,291549,291546,294294,294300,
22,291544,291544,294289,294295,
23,291543,291540,294286,294292,
24,291540,291540,294283,294289,
25,291538,291536,294281,294287,
26,291535,291533,294278,294283,
27,291533,291531,294274,294279,
28,291530,291529,294272,294276,
29,291526,291527,294268,294274,
30,291525,291523,294261,294268,
31,291522,291519,294259,294264,
32,291520,291518,294248,294257,
33,291519,291517,294243,294255,
34,291516,291513,294229,294244,
35,291514,291513,294222,294243,
36,291510,291508,294207,294237,
37,291510,291508,294202,294236,
38,291506,291504,294187,294228,
39,291503,291504,294185,294224,
40,291499,291497,294160,294218,
41,291499,291497,294154,294213,
42,291498,291495,294122,294209,
43,291497,291494,294096,294206,
44,291497,291492,294050,294202,
45,291494,291491,293999,294195,
46,291493,291488,293941,294188,
47,291490,291487,293863,294185,
48,291489,291485,293782,294180,
49,291482,291482,293610,294174,
50,291481,291478,293374,294166,
51,291481,291478,292754,294163,
52,291481,291478,291677,294121,
53,291479,291475,290392,293898,
54,291478,291475,289032,293604,
55,291478,291475,287624,293196,
56,291477,291475,285204,292660,
57,291477,291471,281197,290974,
58,291475,291471,274916,289153,
59,291472,291471,268295,287519,
60,291468,291466,264546,286087,
61,291464,291460,261531,285089,
62,291463,291458,258631,284106,
63,291463,291457,254150,283086,
64,291462,291455,246339,281207,
65,291462,291454,240727,279303,
66,291458,291454,229411,276779,
67,291456,291453,225231,275613,
68,291456,291450,210632,272215,
69,291456,291449,203619,271079,
70,291451,291448,187813,264270,
71,291450,291447,182928,260793,
72,291446,291444,173324,245376,
73,291445,291443,168539,237208,
74,291441,291434,161055,228171,
75,291435,291430,158276,224792,
76,291426,291395,150281,212637,
77,291421,291312,147460,204133,
78,291413,290975,137299,188258,
79,291405,290753,135005,179217,
80,291361,289503,124350,157883,
81,291347,289358,122539,148638,
82,291221,288964,113831,138761,
83,291031,288744,110941,131207,
84,290699,288057,99418,113988,
85,290430,287718,96380,106363,
86,289888,287014,80273,86503,
87,289452,286682,74381,79562,
88,288897,286163,62882,61447,
89,288695,285827,60679,57073,
90,287962,284923,53740,45274,
91,287656,284472,49767,42922,
92,286612,283534,37781,33450,
93,286096,283299,32651,31914,
94,285271,282640,24422,26760,
95,284875,282462,21236,25563,
96,283678,281396,18931,21330,
97,283013,281086,16913,20235,
98,281237,279352,14486,17734,
99,280456,278990,13486,16762,
100,279216,277529,12590,14868,
101,278760,277237,12532,14356,
102,277219,275559,12303,13595,
103,276689,274944,12255,13367,
104,274674,272718,12062,12868,
105,272846,271043,12002,12711,
106,271357,268449,11783,12444,
107,270417,266155,11715,12243,
108,269133,264244,11549,12021,
109,267705,262277,11419,11802,
110,265903,258763,11297,11590,
111,263847,255065,11190,11371,
112,260259,250914,11063,11151,
113,257468,245840,10896,10943,
114,255893,242182,10755,10675,
115,253291,238949,10621,10428,
116,250653,236277,10477,10244,
117,246314,231612,10320,10096,
118,242602,226246,10185,9903,
119,237803,218740,10016,9709,
120,233598,212895,9846,9420,
121,230227,207922,9662,9119,
122,225951,203546,9487,8865,
123,219881,198972,9251,8629,
124,212892,191307,9048,8360,
125,206653,183106,8867,8096,
126,199260,172213,8672,7808,
127,194486,160771,8496,7489,
128,189685,155707,8304,7175,
129,182490,149869,8093,6810,
130,176458,140948,7841,6494,
131,163401,129289,7627,6208,
132,151217,120985,7432,5944,
133,140433,107239,7242,5694,
134,133579,100614,7030,5482,
135,127837,94996,6819,5258,
136,121187,89924,6632,5024,
137,114921,83992,6461,4827,
138,107116,75408,6284,4527,
139,99155,65680,6102,4228,
140,91715,55323,5915,3986,
141,86093,49926,5690,3783,
142,81282,45482,5499,3557,
143,77487,40411,5332,3283,
144,74206,34742,5123,2984,
145,69698,29811,4937,2667,
146,64240,23844,4781,2386,
147,58690,20969,4632,2098,
148,54904,18926,4505,1813,
149,49798,17188,4386,1551,
150,46779,15472,4233,1303,
151,43975,14082,4062,1069,
152,40680,12879,3932,841,
153,36251,11394,3770,629,
154,27552,9521,3628,438,
155,24462,8417,3485,320,
156,21641,7591,3317,235,
157,18647,7104,3151,165,
158,15696,6632,2991,111,
159,12865,6223,2807,81,
160,10250,5840,2630,60,
161,7958,5494,2473,42,
162,6980,5092,2327,24,
163,6390,4763,2207,12,
164,5938,4490,2086,8,
165,5527,4191,1950,4,
166,5203,3895,1810,1,
167,4902,3613,1689,0,
168,4583,3303,1569,0,
169,4302,3089,1495,0,
170,4027,2889,1393,0,
171,3700,2717,1292,0,
172,3410,2546,1185,0,
173,3176,2384,1091,0,
174,2913,2169,1007,0,
175,2676,1988,926,0,
176,2421,1750,835,0,
177,2214,1547,730,0,
178,2018,1306,630,0,
179,1819,1069,506,0,
180,1651,874,345,0,
181,1465,785,206,0,
182,1308,721,104,0,
183,1162,674,48,0,
184,1036,654,17,0,
185,957,625,8,0,
186,901,594,2,0,
187,872,546,0,0,
188,850,505,0,0,
189,822,467,0,0,
190,769,441,0,0,
191,737,401,0,0,
192,688,355,0,0,
193,667,313,0,0,
194,639,255,0,0,
195,607,189,0,0,
196,568,138,0,0,
197,512,99,0,0,
198,482,65,0,0,
199,459,55,0,0,
200,412,37,0,0,
201,359,25,0,0,
202,320,14,0,0,
203,269,5,0,0,
204,217,0,0,0,
205,159,0,0,0,
206,111,0,0,0,
207,83,0,0,0,
208,61,0,0,0,
209,36,0,0,0,
210,27,0,0,0,
211,17,0,0,0,
212,12,0,0,0,
213,6,0,0,0,
214,6,0,0,0,
215,2,0,0,0,
216,1,0,0,0,
217,0,0,0,0,
218,0,0,0,0,
219,0,0,0,0,
220,0,0,0,0,
221,0,0,0,0,
222,0,0,0,0,
223,0,0,0,0,
224,0,0,0,0,
225,0,0,0,0,
226,0,0,0,0,
227,0,0,0,0,
228,0,0,0,0,
229,0,0,0,0,
230,0,0,0,0,
231,0,0,0,0,
232,0,0,0,0,
233,0,0,0,0,
234,0,0,0,0,
235,0,0,0,0,
236,0,0,0,0,
237,0,0,0,0,
238,0,0,0,0,
239,0,0,0,0,
240,0,0,0,0,
241,0,0,0,0,
242,0,0,0,0,
243,0,0,0,0,
244,0,0,0,0,
245,0,0,0,0,
246,0,0,0,0,
247,0,0,0,0,
248,0,0,0,0,
249,0,0,0,0,
250,0,0,0,0,
251,0,0,0,0,
252,0,0,0,0,
253,0,0,0,0,
254,0,0,0,0,
255,0,0,0,0,

0,291586,291584,294351,294351,
1,291586,291584,294351,294351,
2,291586,291584,294351,294351,
3,291586,291584,294351,294351,
4,291586,291584,294351,294351,
5,291586,291582,294351,294351,
6,291583,291569,294351,294351,
7,291461,291346,294351,294351,
8,291260,290248,294351,294351,
9,290916,290118,294351,294351,
10,289925,289985,294351,294351,
11,287892,289756,294351,294350,
12,286079,288304,294351,294309,
13,285483,286510,294351,294182,
14,284494,282176,294351,294000,
15,283325,270467,294351,293486,
16,281856,250359,294348,292304,
17,272966,223009,294340,290563,
18,247542,179270,294305,289005,
19,196486,134431,294218,286475,
20,170968,110055,294121,283128,
21,160594,93721,293942,278761,
22,150496,73050,293713,274768,
23,142794,55788,293492,270886,
24,134227,43557,293134,265598,
25,121696,33192,292556,255770,
26,108216,25132,291683,243340,
27,91794,19662,290534,231824,
28,77914,13252,289345,219033,
29,52127,5282,288144,194976,
30,39719,4479,287039,159228,
31,24982,3921,285998,119050,
32,15972,3275,285045,86680,
33,12203,2629,283384,70245,
34,8522,1904,278790,51886,
35,6028,1295,266707,31544,
36,4715,1084,251494,23889,
37,4078,964,238168,15221,
38,3348,858,219356,11979,
39,2863,774,197384,7744,
40,2506,674,177625,4864,
41,2229,654,160801,3719,
42,1891,594,144111,2198,
43,1677,505,134048,1534,
44,1476,467,121020,1261,
45,1268,401,111052,1071,
46,1090,355,103914,849,
47,873,313,94972,749,
48,692,189,87013,594,
49,599,138,74549,528,
50,510,99,64226,505,
51,479,65,59365,472,
52,454,55,53195,450,
53,410,37,45215,425,
54,354,25,37759,391,
55,314,14,29500,361,
56,264,5,25641,327,
57,211,0,22139,283,
58,154,0,18285,236,
59,108,0,14610,210,
60,83,0,10663,189,
61,80,0,7550,165,
62,58,0,5975,156,
63,36,0,5040,133,
64,25,0,4233,98,
65,25,0,3823,95,
66,17,0,3213,69,
67,12,0,2480,66,
68,12,0,1920,65,
69,6,0,1851,63,
70,6,0,1689,60,
71,6,0,1590,57,
72,2,0,1458,52,
73,2,0,1389,52,
74,1,0,1241,49,
75,1,0,1172,48,
76,0,0,1102,45,
77,0,0,1011,42,
78,0,0,945,42,
79,0,0,885,38,
80,0,0,760,38,
81,0,0,724,37,
82,0,0,620,37,
83,0,0,523,35,
84,0,0,520,35,
85,0,0,425,31,
86,0,0,420,31,
87,0,0,374,24,
88,0,0,343,24,
89,0,0,321,23,
90,0,0,299,23,
91,0,0,281,23,
92,0,0,259,22,
93,0,0,243,22,
94,0,0,237,21,
95,0,0,222,21,
96,0,0,211,21,
97,0,0,195,19,
98,0,0,185,19,
99,0,0,180,19,
100,0,0,168,14,
101,0,0,157,14,
102,0,0,154,13,
103,0,0,145,10,
104,0,0,138,9,
105,0,0,134,9,
106,0,0,126,8,
107,0,0,124,8,
108,0,0,113,8,
109,0,0,108,7,
110,0,0,106,7,
111,0,0,101,7,
112,0,0,100,7,
113,0,0,100,6,
114,0,0,93,6,
115,0,0,92,6,
116,0,0,78,6,
117,0,0,76,4,
118,0,0,73,3,
119,0,0,65,3,
120,0,0,62,3,
121,0,0,61,3,
122,0,0,60,3,
123,0,0,57,3,
124,0,0,56,3,
125,0,0,56,2,
126,0,0,52,2,
127,0,0,52,2,
128,0,0,45,2,
129,0,0,40,2,
130,0,0,40,1,
131,0,0,35,1,
132,0,0,35,1,
133,0,0,33,0,
134,0,0,32,0,
135,0,0,31,0,
136,0,0,29,0,
137,0,0,28,0,
138,0,0,26,0,
139,0,0,24,0,
140,0,0,24,0,
141,0,0,22,0,
142,0,0,19,0,
143,0,0,17,0,
144,0,0,14,0,
145,0,0,14,0,
146,0,0,12,0,
147,0,0,12,0,
148,0,0,11,0,
149,0,0,11,0,
150,0,0,10,0,
151,0,0,8,0,
152,0,0,8,0,
153,0,0,5,0,
154,0,0,5,0,
155,0,0,4,0,
156,0,0,4,0,
157,0,0,3,0,
158,0,0,3,0,
159,0,0,3,0,
160,0,0,3,0,
161,0,0,3,0,
162,0,0,2,0,
163,0,0,2,0,
164,0,0,2,0,
165,0,0,2,0,
166,0,0,1,0,
167,0,0,0,0,
168,0,0,0,0,
169,0,0,0,0,
170,0,0,0,0,
171,0,0,0,0,
172,0,0,0,0,
173,0,0,0,0,
174,0,0,0,0,
175,0,0,0,0,
176,0,0,0,0,
177,0,0,0,0,
178,0,0,0,0,
179,0,0,0,0,
180,0,0,0,0,
181,0,0,0,0,
182,0,0,0,0,
183,0,0,0,0,
184,0,0,0,0,
185,0,0,0,0,
186,0,0,0,0,
187,0,0,0,0,
188,0,0,0,0,
189,0,0,0,0,
190,0,0,0,0,
191,0,0,0,0,
192,0,0,0,0,
193,0,0,0,0,
194,0,0,0,0,
195,0,0,0,0,
196,0,0,0,0,
197,0,0,0,0,
198,0,0,0,0,
199,0,0,0,0,
200,0,0,0,0,
201,0,0,0,0,
202,0,0,0,0,
203,0,0,0,0,
204,0,0,0,0,
205,0,0,0,0,
206,0,0,0,0,
207,0,0,0,0,
208,0,0,0,0,
209,0,0,0,0,
210,0,0,0,0,
211,0,0,0,0,
212,0,0,0,0,
213,0,0,0,0,
214,0,0,0,0,
215,0,0,0,0,
216,0,0,0,0,
217,0,0,0,0,
218,0,0,0,0,
219,0,0,0,0,
220,0,0,0,0,
221,0,0,0,0,
222,0,0,0,0,
223,0,0,0,0,
224,0,0,0,0,
225,0,0,0,0,
226,0,0,0,0,
227,0,0,0,0,
228,0,0,0,0,
229,0,0,0,0,
230,0,0,0,0,
231,0,0,0,0,
232,0,0,0,0,
233,0,0,0,0,
234,0,0,0,0,
235,0,0,0,0,
236,0,0,0,0,
237,0,0,0,0,
238,0,0,0,0,
239,0,0,0,0,
240,0,0,0,0,
241,0,0,0,0,
242,0,0,0,0,
243,0,0,0,0,
244,0,0,0,0,
245,0,0,0,0,
246,0,0,0,0,
247,0,0,0,0,
248,0,0,0,0,
249,0,0,0,0,
250,0,0,0,0,
251,0,0,0,0,
252,0,0,0,0,
253,0,0,0,0,
254,0,0,0,0,
255,0,0,0,0,

0,291596,291596,294353,294353,
1,291593,291593,294350,294349,
2,291587,291587,294341,294344,
3,291587,291587,294339,294339,
4,291587,291587,294339,294339,
5,291579,291579,294334,294335,
6,291579,291579,294332,294334,
7,291576,291573,294326,294330,
8,291571,291572,294325,294327,
9,291569,291569,294322,294324,
10,291567,291565,294317,294320,
11,291563,291562,294310,294315,
12,291559,291557,294307,294312,
13,291559,291557,294307,294312,
14,291555,291555,294306,294308,
15,291554,291554,294304,294305,
16,291552,291551,294301,294303,
17,291550,291547,294298,294300,
18,291547,291544,294293,294299,
19,291544,291543,294291,294299,
20,291543,291541,294287,294293,
21,291542,291540,294286,294290,
22,291542,291540,294286,294290,
23,291539,291538,294283,294287,
24,291537,291536,294281,294287,
25,291535,291532,294281,294287,
26,291534,291531,294278,294283,
27,291527,291527,294275,294277,
28,291526,291526,294275,294276,
29,291525,291524,294271,294273,
30,291522,291522,294270,294270,
31,291522,291519,294267,294269,
32,291522,291519,294266,294265,
33,291519,291518,294259,294261,
34,291517,291517,294254,294258,
35,291517,291517,294252,294255,
36,291515,291513,294246,294250,
37,291511,291509,294246,294250,
38,291510,291508,294239,294241,
39,291507,291506,294236,294238,
40,291506,291505,294226,294234,
41,291506,291504,294225,294231,
42,291501,291499,294218,294229,
43,291499,291497,294213,294225,
44,291499,291497,294211,294218,
45,291498,291496,294205,294216,
46,291497,291495,294201,294209,
47,291497,291493,294188,294208,
48,291494,291492,294179,294208,
49,291494,291489,294165,294203,
50,291492,291487,294127,294200,
51,291490,291486,294081,294195,
52,291489,291486,294050,294192,
53,291483,291485,294003,294190,
54,291481,291478,293884,294178,
55,291481,291478,293723,294177,
56,291481,291478,293189,294171,
57,291481,291478,292610,294169,
58,291480,291477,290604,294064,
59,291478,291475,289988,293664,
60,291478,291475,288766,293453,
61,291478,291475,287556,292865,
62,291477,291475,286823,292511,
63,291477,291471,284501,290578,
64,291475,291471,281639,288672,
65,291474,291471,277561,287450,
66,291468,291464,273361,285984,
67,291465,291463,269728,285574,
68,291464,291461,266978,284707,
69,291464,291457,264462,283888,
70,291463,291457,261582,283347,
71,291463,291457,259103,282410,
72,291462,291456,257357,280715,
73,291462,291455,253671,278869,
74,291457,291454,249461,277258,
75,291456,291452,244828,276069,
76,291456,291452,240307,274996,
77,291455,291450,229497,273676,
78,291453,291449,225179,271610,
79,291452,291448,219922,268442,
80,291449,291446,204571,262726,
81,291447,291445,195217,251800,
82,291445,291441,186052,242963,
83,291443,291438,177097,232376,
84,291438,291434,171369,227551,
85,291438,291429,164026,221115,
86,291432,291326,158375,211558,
87,291424,291104,153999,197884,
88,291419,290680,145455,184443,
89,291405,290264,140348,163173,
90,291362,289442,134546,157795,
91,291320,289220,129386,145990,
92,291232,288945,122998,139589,
93,291125,288512,119174,128581,
94,290834,288239,114205,117804,
95,290507,287850,104758,103494,
96,290144,287476,98093,94586,
97,289623,287069,87189,72872,
98,289200,286750,81231,64128,
99,288884,286491,73070,53646,
100,288688,286181,64386,47091,
101,288161,285792,59331,41943,
102,287645,285286,54323,34030,
103,286991,284626,48453,29121,
104,286333,284064,40099,26911,
105,285688,283546,33612,24409,
106,285259,283147,28491,21716,
107,284885,282775,23337,20650,
108,284432,282422,20064,19263,
109,283622,281808,17512,17358,
110,282866,281279,15015,15992,
111,281615,280260,13801,15325,
112,280495,279199,12899,14265,
113,279723,278325,12778,13863,
114,279105,277395,12467,13459,
115,278191,276473,12308,13079,
116,277141,275185,12198,12774,
117,275779,273064,12062,12544,
118,273886,270958,11962,12379,
119,271856,267923,11775,12104,
120,270756,265603,11647,11854,
121,269953,264304,11521,11631,
122,268687,262091,11379,11479,
123,267267,259554,11263,11319,
124,264854,255015,11138,11072,
125,262061,250991,11023,10853,
126,258883,245465,10854,10587,
127,256184,242024,10711,10369,
128,254610,239706,10548,10200,
129,252303,237199,10386,10018,
130,249232,233489,10199,9816,
131,245083,226803,10053,9643,
132,240338,220989,9870,9398,
133,235286,213979,9705,9140,
134,231071,210156,9537,8884,
135,228303,206235,9357,8627,
136,223756,201982,9175,8425,
137,217742,198581,8996,8150,
138,210796,189719,8792,7838,
139,204097,181619,8606,7489,
140,197779,172033,8437,7209,
141,191649,161146,8254,6823,
142,187717,156225,8024,6479,
143,182069,150087,7811,6216,
144,175422,141232,7570,5976,
145,161156,131103,7359,5701,
146,147954,118195,7176,5402,
147,136774,108090,7004,5131,
148,130096,100546,6797,4932,
149,125504,96218,6618,4738,
150,119967,90704,6449,4528,
151,113237,84216,6306,4174,
152,104164,74948,6139,3935,
153,95558,65366,5971,3751,
154,89050,55542,5720,3458,
155,83027,49746,5538,3142,
156,79014,46557,5307,2830,
157,74664,41088,5120,2529,
158,70679,36081,4947,2230,
159,64956,30484,4790,1923,
160,57720,24039,4660,1668,
161,53583,20664,4515,1401,
162,50629,18223,4393,1206,
163,48375,16682,4239,984,
164,45638,14821,4069,739,
165,43067,13449,3943,548,
166,39754,11864,3825,370,
167,30949,9998,3704,209,
168,25192,8495,3542,121,
169,23425,8142,3397,84,
170,20455,7533,3201,60,
171,18052,7037,3003,42,
172,15896,6634,2782,22,
173,12383,6162,2609,13,
174,9971,5770,2467,8,
175,7795,5497,2336,4,
176,6789,5072,2194,1,
177,6170,4663,2049,0,
178,5709,4368,1886,0,
179,5313,4059,1750,0,
180,5009,3763,1609,0,
181,4655,3447,1503,0,
182,4393,3145,1410,0,
183,4049,2916,1287,0,
184,3761,2710,1168,0,
185,3423,2557,1054,0,
186,3152,2360,974,0,
187,2846,2088,860,0,
188,2597,1904,762,0,
189,2365,1688,657,0,
190,2133,1480,507,0,
191,1935,1083,331,0,
192,1783,858,191,0,
193,1629,764,103,0,
194,1456,696,43,0,
195,1257,657,15,0,
196,1119,625,4,0,
197,986,594,0,0,
198,915,546,0,0,
199,878,505,0,0,
200,845,467,0,0,
201,814,441,0,0,
202,775,355,0,0,
203,733,313,0,0,
204,662,255,0,0,
205,637,189,0,0,
206,614,138,0,0,
207,581,99,0,0,
208,532,65,0,0,
209,488,55,0,0,
210,454,37,0,0,
211,426,25,0,0,
212,378,14,0,0,
213,309,0,0,0,
214,271,0,0,0,
215,184,0,0,0,
216,125,0,0,0,
217,88,0,0,0,
218,55,0,0,0,
219,41,0,0,0,
220,25,0,0,0,
221,18,0,0,0,
222,9,0,0,0,
223,5,0,0,0,
224,1,0,0,0,
225,0,0,0,0,
226,0,0,0,0,
227,0,0,0,0,
228,0,0,0,0,
229,0,0,0,0,
230,0,0,0,0,
231,0,0,0,0,
232,0,0,0,0,
233,0,0,0,0,
234,0,0,0,0,
235,0,0,0,0,
236,0,0,0,0,
237,0,0,0,0,
238,0,0,0,0,
239,0,0,0,0,
240,0,0,0,0,
241,0,0,0,0,
242,0,0,0,0,
243,0,0,0,0,
244,0,0,0,0,
245,0,0,0,0,
246,0,0,0,0,
247,0,0,0,0,
248,0,0,0,0,
249,0,0,0,0,
250,0,0,0,0,
251,0,0,0,0,
252,0,0,0,0,
253,0,0,0,0,
254,0,0,0,0,
255,0,0,0,0,

0,307200,307200,307200,307200,
1,307200,307200,307200,307200,
2,307200,307200,307200,307200,
3,307200,307200,307200,307200,
4,307200,307200,307200,307200,
5,307200,307200,307200,307200,
6,307200,307200,307200,307200,
7,307200,307200,307200,307200,
8,307200,307200,307200,307200,
9,307200,307200,307200,307200,
10,307200,307200,307200,307200,
11,307200,307200,307200,307200,
12,307200,307200,307200,307200,
13,307200,307200,307200,307200,
14,307200,307200,307200,307200,
15,307200,307200,307200,307200,
16,307200,307200,307200,307200,
17,307200,307200,307200,307200,
18,307200,307200,307200,307200,
19,307200,307200,307200,307200,
20,307200,307200,307200,307200,
21,307200,307200,307200,307200,
22,307200,307200,307200,307200,
23,307200,307200,307200,307200,
24,307200,307200,307200,307200,
25,307200,307200,307200,307200,
26,307200,307200,307200,307200,
27,307200,307200,307200,307200,
28,307200,307200,307200,307200,
29,307200,307200,307200,307200,
30,307200,307200,307200,307200,
31,307200,307200,307200,307200,
32,307200,307200,307200,307200,
33,307200,307200,307200,307200,
34,307200,307200,307200,307200,
35,307200,307200,307200,307200,
36,307200,307200,307200,307200,
37,307200,307200,307200,307200,
38,307200,307200,307200,307200,
39,307200,307200,307200,307200,
40,307200,307200,307200,307200,
41,307200,307200,307200,307200,
42,307200,307200,307200,307200,
43,307200,307200,307200,307200,
44,307200,307200,307200,307200,
45,307200,307200,307200,307200,
46,307200,307200,307200,307200,
47,307200,307200,307200,307200,
48,307200,307200,307200,307200,
49,307200,307200,307200,307200,
50,307200,307200,307200,307200,
51,307200,307200,307200,307200,
52,307200,307200,307200,307200,
53,307200,307200,307200,307200,
54,307200,307200,307200,307200,
55,307200,307200,307200,307200,
56,307200,307200,307200,307200,
57,307200,307200,307200,307200,
58,307200,307200,307200,307200,
59,307200,307200,307200,307200,
60,307200,307200,307200,307200,
61,307200,307200,307200,307200,
62,307200,307200,307200,307200,
63,307200,307200,307200,307200,
64,307200,307200,307200,307200,
65,307200,307200,307200,307200,
66,307200,307200,307200,307200,
67,307200,307200,307200,307200,
68,307200,307200,307200,307200,
69,307200,307200,307200,307200,
70,307200,307200,307200,307200,
71,307200,307200,307200,307200,
72,307200,307200,307200,307200,
73,307200,307200,307200,307200,
74,307200,307200,307200,307200,
75,307200,307200,307200,307200,
76,307200,307200,307200,307200,
77,307200,307200,307200,307200,
78,307200,307200,307200,307200,
79,307200,307200,307200,307200,
80,307200,307200,307200,307200,
81,307200,307200,307200,307200,
82,307200,307200,307200,307200,
83,307200,307200,307200,307200,
84,307200,307200,307200,307200,
85,307200,307200,307200,307200,
86,307200,307200,307200,307200,
87,307200,307200,307200,307200,
88,307200,307200,307200,307200,
89,307200,307200,307200,307200,
90,307200,307200,307200,307200,
91,307200,307200,307200,307200,
92,307200,307200,307200,307200,
93,307200,307200,307200,307200,
94,307200,307200,307200,307200,
95,307200,307200,307200,307200,
96,307200,307200,307200,307200,
97,307200,307200,307200,307200,
98,307200,307200,307200,307200,
99,307200,307200,307200,307200,
100,307200,307200,307200,307200,
101,307200,307200,307200,307200,
102,307200,307200,307200,307200,
103,307200,307200,307200,307200,
104,307200,307200,307200,307200,
105,307200,307200,307200,307200,
106,307200,307200,307200,307200,
107,307200,307200,307200,307200,
108,307200,307200,307200,307200,
109,307200,307200,307200,307200,
110,307200,307200,307200,307200,
111,307200,307200,307200,307200,
112,307200,307200,307200,307200,
113,307200,307200,307200,307200,
114,307200,307200,307200,307200,
115,307200,307200,307200,307200,
116,307200,307200,307196,307200,
117,307200,307200,307182,307200,
118,307200,307200,307036,307200,
119,307200,307199,304863,307192,
120,307195,307174,269503,307089,
121,307189,307145,130021,305162,
122,307160,307094,67330,271227,
123,307010,306896,22210,127261,
124,299434,274835,15984,47079,
125,287788,251938,12935,20717,
126,193467,125665,12889,15012,
127,150454,67719,12883,13459,
128,38834,15507,0,34,
129,1252,266,0,0,
130,6,22,0,0,
131,0,0,0,0,
132,0,0,0,0,
133,0,0,0,0,
134,0,0,0,0,
135,0,0,0,0,
136,0,0,0,0,
137,0,0,0,0,
138,0,0,0,0,
139,0,0,0,0,
140,0,0,0,0,
141,0,0,0,0,
142,0,0,0,0,
143,0,0,0,0,
144,0,0,0,0,
145,0,0,0,0,
146,0,0,0,0,
147,0,0,0,0,
148,0,0,0,0,
149,0,0,0,0,
150,0,0,0,0,
151,0,0,0,0,
152,0,0,0,0,
153,0,0,0,0,
154,0,0,0,0,
155,0,0,0,0,
156,0,0,0,0,
157,0,0,0,0,
158,0,0,0,0,
159,0,0,0,0,
160,0,0,0,0,
161,0,0,0,0,
162,0,0,0,0,
163,0,0,0,0,
164,0,0,0,0,
165,0,0,0,0,
166,0,0,0,0,
167,0,0,0,0,
168,0,0,0,0,
169,0,0,0,0,
170,0,0,0,0,
171,0,0,0,0,
172,0,0,0,0,
173,0,0,0,0,
174,0,0,0,0,
175,0,0,0,0,
176,0,0,0,0,
177,0,0,0,0,
178,0,0,0,0,
179,0,0,0,0,
180,0,0,0,0,
181,0,0,0,0,
182,0,0,0,0,
183,0,0,0,0,
184,0,0,0,0,
185,0,0,0,0,
186,0,0,0,0,
187,0,0,0,0,
188,0,0,0,0,
189,0,0,0,0,
190,0,0,0,0,
191,0,0,0,0,
192,0,0,0,0,
193,0,0,0,0,
194,0,0,0,0,
195,0,0,0,0,
196,0,0,0,0,
197,0,0,0,0,
198,0,0,0,0,
199,0,0,0,0,
200,0,0,0,0,
201,0,0,0,0,
202,0,0,0,0,
203,0,0,0,0,
204,0,0,0,0,
205,0,0,0,0,
206,0,0,0,0,
207,0,0,0,0,
208,0,0,0,0,
209,0,0,0,0,
210,0,0,0,0,
211,0,0,0,0,
212,0,0,0,0,
213,0,0,0,0,
214,0,0,0,0,
215,0,0,0,0,
216,0,0,0,0,
217,0,0,0,0,
218,0,0,0,0,
219,0,0,0,0,
220,0,0,0,0,
221,0,0,0,0,
222,0,0,0,0,
223,0,0,0,0,
224,0,0,0,0,
225,0,0,0,0,
226,0,0,0,0,
227,0,0,0,0,
228,0,0,0,0,
229,0,0,0,0,
230,0,0,0,0,
231,0,0,0,0,
232,0,0,0,0,
233,0,0,0,0,
234,0,0,0,0,
235,0,0,0,0,
236,0,0,0,0,
237,0,0,0,0,
238,0,0,0,0,
239,0,0,0,0,
240,0,0,0,0,
241,0,0,0,0,
242,0,0,0,0,
243,0,0,0,0,
244,0,0,0,0,
245,0,0,0,0,
246,0,0,0,0,
247,0,0,0,0,
248,0,0,0,0,
249,0,0,0,0,
250,0,0,0,0,
251,0,0,0,0,
252,0,0,0,0,
253,0,0,0,0,
254,0,0,0,0,
255,0,0,0,0,

0,307200,307200,307200,307200,
1,307200,307200,307200,307200,
2,307200,307200,307200,307200,
3,307200,307200,307200,307200,
4,307200,307200,307200,307200,
5,307200,307200,307200,307200,
6,307200,307200,307200,307200,
7,307200,307200,307200,307200,
8,307200,307200,307200,307200,
9,307200,307200,307200,307200,
10,307200,307200,307200,307200,
11,307200,307200,307200,307200,
12,307200,307200,307200,307200,
13,307200,307200,307200,307200,
14,307200,307200,307200,307200,
15,307200,307200,307200,307200,
16,307200,307200,307200,307200,
17,307200,307200,307200,307200,
18,307200,307200,307200,307200,
19,307200,307200,307200,307200,
20,307200,307200,307200,307200,
21,307200,307200,307200,307200,
22,307200,307200,307200,307200,
23,307200,307200,307200,307200,
24,307200,307200,307200,307200,
25,307200,307200,307200,307200,
26,307200,307200,307200,307200,
27,307200,307200,307200,307200,
28,307200,307200,307200,307200,
29,307200,307200,307200,307200,
30,307200,307200,307200,307200,
31,307200,307200,307200,307200,
32,307200,307200,307200,307200,
33,307200,307200,307200,307200,
34,307200,307200,307200,307200,
35,307200,307200,307200,307200,
36,307200,307200,307200,307200,
37,307200,307200,307200,307200,
38,307200,307200,307200,307200,
39,307200,307200,307200,307200,
40,307200,307200,307200,307200,
41,307200,307200,307200,307200,
42,307200,307200,307200,307200,
43,307200,307200,307200,307200,
44,307200,307200,307200,307200,
45,307200,307200,307200,307200,
46,307200,307200,307200,307200,
47,307200,307200,307200,307200,
48,307200,307200,307200,307200,
49,307200,307200,307200,307200,
50,307200,307200,307200,307200,
51,307200,307200,307200,307200,
52,307200,307200,307200,307200,
53,307200,307200,307200,307200,
54,307200,307200,307200,307200,
55,307200,307200,307200,307200,
56,307200,307200,307200,307200,
57,307200,307200,307200,307200,
58,307200,307200,307200,307200,
59,307200,307200,307200,307200,
60,307200,307200,307200,307200,
61,307200,307200,307200,307200,
62,307200,307200,307200,307200,
63,307200,307200,307200,307200,
64,307200,307200,307200,307200,
65,307200,307200,307200,307200,
66,307200,307200,307200,307200,
67,307200,307200,307200,307200,
68,307200,307200,307200,307200,
69,307200,307200,307200,307200,
70,307200,307200,307200,307200,
71,307200,307200,307200,307200,
72,307200,307200,307200,307200,
73,307200,307200,307200,307200,
74,307200,307200,307200,307200,
75,307200,307200,307200,307200,
76,307200,307200,307200,307200,
77,307200,307200,307200,307200,
78,307200,307200,307200,307200,
79,307200,307200,307200,307200,
80,307200,307200,307200,307200,
81,307200,307200,307200,307200,
82,307200,307200,307200,307200,
83,307200,307200,307200,307200,
84,307200,307200,307200,307200,
85,307200,307200,307200,307200,
86,307200,307200,307200,307200,
87,307200,307200,307200,307200,
88,307200,307200,307200,307200,
89,307200,307200,307200,307200,
90,307200,307200,307200,307200,
91,307200,307200,307200,307200,
92,307200,307200,307200,307200,
93,307200,307200,307200,307200,
94,307200,307200,307200,307200,
95,307200,307200,307200,307200,
96,307200,307200,307200,307200,
97,307200,307200,307200,307200,
98,307200,307200,307200,307200,
99,307200,307200,307200,307200,
100,307200,307200,307200,307200,
101,307200,307200,307200,307200,
102,307200,307200,307200,307200,
103,307200,307200,307200,307200,
104,307200,307200,307200,307200,
105,307200,307200,307200,307200,
106,307200,307200,307200,307200,
107,307200,307200,307200,307200,
108,307200,307200,307200,307200,
109,307200,307200,307200,307200,
110,307200,307200,307200,307200,
111,307200,307200,307200,307200,
112,307200,307200,307200,307200,
113,307200,307200,307200,307200,
114,307200,307200,307200,307200,
115,307200,307200,307200,307200,
116,307200,307200,307200,307200,
117,307200,307200,307136,307200,
118,307200,307200,306948,307200,
119,307200,307200,306660,307155,
120,307200,307200,293777,306500,
121,307200,307200,205701,293022,
122,307200,307200,185378,281613,
123,307200,307200,52092,131327,
124,307200,307200,19562,33892,
125,307200,307200,13334,20652,
126,307200,307200,12889,13009,
127,307200,307200,12867,12876,
128,291575,291570,0,0,
129,291537,291531,0,0,
130,291396,291213,0,0,
131,290783,289980,0,0,
132,286752,287542,0,0,
133,285449,286286,0,0,
134,283780,280560,0,0,
135,251891,233906,0,0,
136,175537,126719,0,0,
137,106733,59011,0,0,
138,64076,8297,0,0,
139,16203,0,0,0,
140,119,0,0,0,
141,0,0,0,0,
142,0,0,0,0,
143,0,0,0,0,
144,0,0,0,0,
145,0,0,0,0,
146,0,0,0,0,
147,0,0,0,0,
148,0,0,0,0,
149,0,0,0,0,
150,0,0,0,0,
151,0,0,0,0,
152,0,0,0,0,
153,0,0,0,0,
154,0,0,0,0,
155,0,0,0,0,
156,0,0,0,0,
157,0,0,0,0,
158,0,0,0,0,
159,0,0,0,0,
160,0,0,0,0,
161,0,0,0,0,
162,0,0,0,0,
163,0,0,0,0,
164,0,0,0,0,
165,0,0,0,0,
166,0,0,0,0,
167,0,0,0,0,
168,0,0,0,0,
169,0,0,0,0,
170,0,0,0,0,
171,0,0,0,0,
172,0,0,0,0,
173,0,0,0,0,
174,0,0,0,0,
175,0,0,0,0,
176,0,0,0,0,
177,0,0,0,0,
178,0,0,0,0,
179,0,0,0,0,
180,0,0,0,0,
181,0,0,0,0,
182,0,0,0,0,
183,0,0,0,0,
184,0,0,0,0,
185,0,0,0,0,
186,0,0,0,0,
187,0,0,0,0,
188,0,0,0,0,
189,0,0,0,0,
190,0,0,0,0,
191,0,0,0,0,
192,0,0,0,0,
193,0,0,0,0,
194,0,0,0,0,
195,0,0,0,0,
196,0,0,0,0,
197,0,0,0,0,
198,0,0,0,0,
199,0,0,0,0,
200,0,0,0,0,
201,0,0,0,0,
202,0,0,0,0,
203,0,0,0,0,
204,0,0,0,0,
205,0,0,0,0,
206,0,0,0,0,
207,0,0,0,0,
208,0,0,0,0,
209,0,0,0,0,
210,0,0,0,0,
211,0,0,0,0,
212,0,0,0,0,
213,0,0,0,0,
214,0,0,0,0,
215,0,0,0,0,
216,0,0,0,0,
217,0,0,0,0,
218,0,0,0,0,
219,0,0,0,0,
220,0,0,0,0,
221,0,0,0,0,
222,0,0,0,0,
223,0,0,0,0,
224,0,0,0,0,
225,0,0,0,0,
226,0,0,0,0,
227,0,0,0,0,
228,0,0,0,0,
229,0,0,0,0,
230,0,0,0,0,
231,0,0,0,0,
232,0,0,0,0,
233,0,0,0,0,
234,0,0,0,0,
235,0,0,0,0,
236,0,0,0,0,
237,0,0,0,0,
238,0,0,0,0,
239,0,0,0,0,
240,0,0,0,0,
241,0,0,0,0,
242,0,0,0,0,
243,0,0,0,0,
244,0,0,0,0,
245,0,0,0,0,
246,0,0,0,0,
247,0,0,0,0,
248,0,0,0,0,
249,0,0,0,0,
250,0,0,0,0,
251,0,0,0,0,
252,0,0,0,0,
253,0,0,0,0,
254,0,0,0,0,
255,0,0,0,0,

0,291593,291593,294351,294351,
1,291593,291593,294346,294347,
2,291587,291587,294341,294344,
3,291587,291587,294339,294339,
4,291581,291579,294335,294335,
5,291579,291579,294331,294334,
6,291576,291575,294327,294331,
7,291571,291572,294325,294327,
8,291570,291570,294324,294324,
9,291569,291569,294319,294323,
10,291566,291564,294315,294318,
11,291563,291562,294311,294316,
12,291559,291558,294308,294312,
13,291557,291556,294307,294310,
14,291555,291555,294304,294308,
15,291554,291554,294303,294305,
16,291552,291551,294301,294303,
17,291550,291548,294298,294303,
18,291547,291545,294293,294299,
19,291544,291543,294290,294298,
20,291543,291541,294287,294293,
21,291540,291538,294286,294291,
22,291539,291538,294284,294288,
23,291538,291536,294282,294287,
24,291535,291533,294281,294287,
25,291534,291531,294279,294283,
26,291531,291529,294277,294279,
27,291529,291529,294275,294279,
28,291526,291527,294273,294275,
29,291525,291523,294271,294272,
30,291522,291520,294270,294269,
31,291522,291519,294266,294265,
32,291520,291519,294262,294263,
33,291519,291517,294255,294260,
34,291517,291517,294253,294256,
35,291517,291514,294252,294253,
36,291511,291509,294246,294250,
37,291510,291508,294243,294247,
38,291510,291507,294237,294240,
39,291507,291505,294232,294236,
40,291506,291504,294226,294232,
41,291503,291504,294225,294230,
42,291499,291497,294217,294228,
43,291499,291497,294213,294224,
44,291498,291496,294206,294218,
45,291498,291496,294202,294211,
46,291497,291494,294198,294209,
47,291497,291492,294185,294208,
48,291494,291492,294169,294205,
49,291492,291487,294137,294200,
50,291490,291487,294097,294198,
51,291490,291486,294058,294193,
52,291486,291486,294012,294190,
53,291482,291479,293947,294182,
54,291481,291478,293847,294177,
55,291481,291478,293620,294172,
56,291481,291478,292751,294170,
57,291481,291477,291403,294162,
58,291479,291475,290479,294055,
59,291478,291475,289385,293623,
60,291478,291475,288150,293315,
61,291478,291475,287451,292662,
62,291477,291472,285828,290863,
63,291475,291471,282825,288756,
64,291475,291471,278956,287554,
65,291468,291468,274378,286692,
66,291466,291464,271840,285853,
67,291464,291462,267935,284902,
68,291464,291458,265027,284234,
69,291463,291457,262300,283512,
70,291463,291457,260657,282603,
71,291462,291457,257969,281224,
72,291462,291456,254523,279804,
73,291460,291454,251152,277608,
74,291456,291452,247276,276646,
75,291456,291452,242587,275519,
76,291456,291452,237798,274576,
77,291453,291449,228754,272996,
78,291453,291448,223772,270379,
79,291451,291446,213222,265516,
80,291449,291446,196991,256852,
81,291445,291442,187367,244125,
82,291443,291441,178658,234188,
83,291440,291436,173255,228431,
84,291438,291431,165681,224105,
85,291435,291328,161906,217414,
86,291427,291214,156905,206790,
87,291423,290978,149908,193174,
88,291416,290501,144657,181165,
89,291376,289552,137841,161817,
90,291348,289332,132361,150009,
91,291317,289176,127008,142283,
92,291221,288857,120494,132812,
93,290980,288413,114803,118818,
94,290600,288040,108164,107657,
95,290261,287627,101418,96775,
96,289840,287292,92606,82940,
97,289326,286924,84137,70503,
98,288944,286600,76837,58272,
99,288703,286396,66710,49802,
100,288399,286001,60910,44008,
101,287922,285532,56877,36632,
102,287379,285023,52593,31159,
103,286717,284319,45255,28068,
104,286015,283732,38213,25320,
105,285443,283269,33372,23168,
106,285062,282892,28159,21413,
107,284617,282549,22778,19799,
108,283914,282096,19709,18156,
109,283056,281458,17141,16658,
110,282280,280555,14407,15661,
111,281054,279480,13405,14634,
112,280080,278509,12812,14018,
113,279359,277590,12513,13586,
114,278694,276883,12380,13215,
115,277661,275940,12238,12904,
116,276598,274273,12106,12650,
117,275155,272329,11987,12421,
118,273002,269271,11829,12204,
119,271447,266886,11691,11950,
120,270424,265062,11584,11734,
121,269072,263151,11429,11543,
122,267680,260974,11307,11354,
123,266017,256882,11204,11144,
124,263654,253263,11069,10928,
125,260497,248402,10938,10678,
126,257583,244029,10775,10453,
127,255523,241228,10601,10255,
128,253629,238811,10459,10079,
129,250632,235965,10281,9899,
130,247509,230575,10115,9714,
131,242827,225078,9943,9476,
132,238445,219069,9772,9214,
133,233179,212778,9605,8955,
134,229664,208956,9436,8717,
135,225849,205502,9244,8502,
136,220584,201455,9045,8221,
137,214440,196227,8866,7914,
138,207697,188990,8671,7633,
139,201884,181057,8495,7320,
140,194630,168355,8327,6967,
141,190451,160768,8104,6625,
142,185736,155942,7875,6351,
143,180006,149429,7639,6048,
144,171162,140049,7437,5769,
145,156330,130129,7248,5495,
146,144914,117228,7081,5228,
147,134815,107267,6876,5008,
148,128960,99684,6712,4810,
149,124181,95429,6529,4603,
150,118097,89434,6337,4326,
151,109863,82501,6189,4048,
152,100842,72193,6006,3819,
153,92899,62074,5769,3588,
154,85961,52649,5566,3252,
155,81534,47992,5366,2939,
156,77283,44832,5197,2641,
157,72882,39002,5009,2328,
158,67073,32199,4836,2040,
159,61937,26697,4695,1763,
160,55381,21814,4582,1530,
161,50937,18418,4435,1299,
162,48860,16828,4298,1049,
163,46407,15232,4127,808,
164,43678,13734,4000,589,
165,40383,12009,3878,404,
166,31900,10087,3757,272,
167,26999,9002,3603,170,
168,23755,8280,3460,111,
169,21626,7781,3284,76,
170,18595,7275,3081,54,
171,16293,6864,2872,36,
172,13980,6482,2686,20,
173,11308,6014,2542,12,
174,9724,5622,2398,8,
175,7455,5268,2262,4,
176,6499,4908,2112,0,
177,5868,4565,1954,0,
178,5437,4180,1817,0,
179,5104,3928,1687,0,
180,4756,3561,1548,0,
181,4442,3209,1456,0,
182,4129,2941,1344,0,
183,3837,2720,1219,0,
184,3569,2566,1104,0,
185,3291,2369,1027,0,
186,3041,2149,920,0,
187,2752,1935,823,0,
188,2479,1729,714,0,
189,2259,1514,599,0,
190,2059,1295,434,0,
191,1829,1074,242,0,
192,1685,855,130,0,
193,1483,716,58,0,
194,1298,675,24,0,
195,1137,628,8,0,
196,991,594,0,0,
197,921,546,0,0,
198,878,505,0,0,
199,846,467,0,0,
200,824,441,0,0,
201,790,401,0,0,
202,746,355,0,0,
203,704,313,0,0,
204,661,255,0,0,
205,637,189,0,0,
206,599,99,0,0,
207,561,65,0,0,
208,492,55,0,0,
209,455,37,0,0,
210,431,25,0,0,
211,385,14,0,0,
212,331,5,0,0,
213,285,0,0,0,
214,221,0,0,0,
215,168,0,0,0,
216,116,0,0,0,
217,66,0,0,0,
218,41,0,0,0,
219,27,0,0,0,
220,18,0,0,0,
221,11,0,0,0,
222,8,0,0,0,
223,3,0,0,0,
224,1,0,0,0,
225,0,0,0,0,
226,0,0,0,0,
227,0,0,0,0,
228,0,0,0,0,
229,0,0,0,0,
230,0,0,0,0,
231,0,0,0,0,
232,0,0,0,0,
233,0,0,0,0,
234,0,0,0,0,
235,0,0,0,0,
236,0,0,0,0,
237,0,0,0,0,
238,0,0,0,0,
239,0,0,0,0,
240,0,0,0,0,
241,0,0,0,0,
242,0,0,0,0,
243,0,0,0,0,
244,0,0,0,0,
245,0,0,0,0,
246,0,0,0,0,
247,0,0,0,0,
248,0,0,0,0,
249,0,0,0,0,
250,0,0,0,0,
251,0,0,0,0,
252,0,0,0,0,
253,0,0,0,0,
254,0,0,0,0,
255,0,0,0,0,

0,307200,307200,307200,307200,
1,307200,307200,307200,307200,
2,307200,307200,307200,307200,
3,307200,307200,307200,307200,
4,307200,307200,307200,307200,
5,307200,307200,307200,307200,
6,307200,307200,307200,307200,
7,307200,307200,307200,307200,
8,307200,307200,307200,307200,
9,307200,307200,307200,307200,
10,307200,307200,307200,307200,
11,307200,307200,307200,307200,
12,307200,307200,307200,307200,
13,307200,307200,307200,307200,
14,307200,307200,307200,307200,
15,307200,307200,307200,307200,
16,307200,307200,307200,307200,
17,307200,307200,307200,307200,
18,307200,307200,307200,307200,
19,307200,307200,307200,307200,
20,307200,307200,307200,307200,
21,307200,307200,307200,307200,
22,307200,307200,307200,307200,
23,307200,307200,307200,307200,
24,307200,307200,307200,307200,
25,307200,307200,307200,307200,
26,307200,307200,307200,307200,
27,307200,307200,307200,307200,
28,307200,307200,307200,307200,
29,307200,307200,307200,307200,
30,307200,307200,307200,307200,
31,307200,307200,307200,307200,
32,307200,307200,307200,307200,
33,307200,307200,307200,307200,
34,307200,307200,307200,307200,
35,307200,307200,307200,307200,
36,307200,307200,307200,307200,
37,307200,307200,307200,307200,
38,307200,307200,307200,307200,
39,307200,307200,307200,307200,
40,307200,307200,307200,307200,
41,307200,307200,307200,307200,
42,307200,307200,307200,307200,
43,307200,307200,307200,307200,
44,307200,307200,307200,307200,
45,307200,307200,307200,307200,
46,307200,307200,307200,307200,
47,307200,307200,307200,307200,
48,307200,307200,307200,307200,
49,307200,307200,307200,307200,
50,307200,307200,307200,307200,
51,307200,307200,307200,307200,
52,307200,307200,307200,307200,
53,307200,307200,307200,307200,
54,307200,307200,307200,307200,
55,307200,307200,307200,307200,
56,307200,307200,307200,307200,
57,307200,307200,307200,307200,
58,307200,307200,307200,307200,
59,307200,307200,307200,307200,
60,307200,307200,307200,307200,
61,307200,307200,307200,307200,
62,307200,307200,307200,307200,
63,307200,307200,307200,307200,
64,307200,307200,307200,307200,
65,307200,307200,307200,307200,
66,307200,307200,307200,307200,
67,307200,307200,307200,307200,
68,307200,307200,307200,307200,
69,307200,307200,307200,307200,
70,307200,307200,307200,307200,
71,307200,307200,307200,307200,
72,307200,307200,307200,307200,
73,307200,307200,307200,307200,
74,307200,307200,307200,307200,
75,307200,307200,307200,307200,
76,307200,307200,307200,307200,
77,307200,307200,307200,307200,
78,307200,307200,307200,307200,
79,307200,307200,307200,307200,
80,307200,307200,307200,307200,
81,307200,307200,307200,307200,
82,307200,307200,307200,307200,
83,307200,307200,307200,307200,
84,307200,307200,307200,307200,
85,307200,307200,307191,307200,
86,307200,307200,306899,307200,
87,307200,307200,304783,307200,
88,307200,307200,234702,307182,
89,307200,307200,75901,306163,
90,307200,307200,23865,213432,
91,307198,307194,13039,68087,
92,307193,307153,12962,24550,
93,307181,307104,12948,13821,
94,307115,306989,12928,12998,
95,306926,306868,12902,12907,
96,278425,248026,0,0,
97,273515,234153,0,0,
98,184198,102007,0,0,
99,127109,45565,0,0,
100,61384,3075,0,0,
101,14093,2,0,0,
102,449,0,0,0,
103,0,0,0,0,
104,0,0,0,0,
105,0,0,0,0,
106,0,0,0,0,
107,0,0,0,0,
108,0,0,0,0,
109,0,0,0,0,
110,0,0,0,0,
111,0,0,0,0,
112,0,0,0,0,
113,0,0,0,0,
114,0,0,0,0,
115,0,0,0,0,
116,0,0,0,0,
117,0,0,0,0,
118,0,0,0,0,
119,0,0,0,0,
120,0,0,0,0,
121,0,0,0,0,
122,0,0,0,0,
123,0,0,0,0,
124,0,0,0,0,
125,0,0,0,0,
126,0,0,0,0,
127,0,0,0,0,
128,0,0,0,0,
129,0,0,0,0,
130,0,0,0,0,
131,0,0,0,0,
132,0,0,0,0,
133,0,0,0,0,
134,0,0,0,0,
135,0,0,0,0,
136,0,0,0,0,
137,0,0,0,0,
138,0,0,0,0,
139,0,0,0,0,
140,0,0,0,0,
141,0,0,0,0,
142,0,0,0,0,
143,0,0,0,0,
144,0,0,0,0,
145,0,0,0,0,
146,0,0,0,0,
147,0,0,0,0,
148,0,0,0,0,
149,0,0,0,0,
150,0,0,0,0,
151,0,0,0,0,
152,0,0,0,0,
153,0,0,0,0,
154,0,0,0,0,
155,0,0,0,0,
156,0,0,0,0,
157,0,0,0,0,
158,0,0,0,0,
159,0,0,0,0,
160,0,0,0,0,
161,0,0,0,0,
162,0,0,0,0,
163,0,0,0,0,
164,0,0,0,0,
165,0,0,0,0,
166,0,0,0,0,
167,0,0,0,0,
168,0,0,0,0,
169,0,0,0,0,
170,0,0,0,0,
171,0,0,0,0,
172,0,0,0,0,
173,0,0,0,0,
174,0,0,0,0,
175,0,0,0,0,
176,0,0,0,0,
177,0,0,0,0,
178,0,0,0,0,
179,0,0,0,0,
180,0,0,0,0,
181,0,0,0,0,
182,0,0,0,0,
183,0,0,0,0,
184,0,0,0,0,
185,0,0,0,0,
186,0,0,0,0,
187,0,0,0,0,
188,0,0,0,0,
189,0,0,0,0,
190,0,0,0,0,
191,0,0,0,0,
192,0,0,0,0,
193,0,0,0,0,
194,0,0,0,0,
195,0,0,0,0,
196,0,0,0,0,
197,0,0,0,0,
198,0,0,0,0,
199,0,0,0,0,
200,0,0,0,0,
201,0,0,0,0,
202,0,0,0,0,
203,0,0,0,0,
204,0,0,0,0,
205,0,0,0,0,
206,0,0,0,0,
207,0,0,0,0,
208,0,0,0,0,
209,0,0,0,0,
210,0,0,0,0,
211,0,0,0,0,
212,0,0,0,0,
213,0,0,0,0,
214,0,0,0,0,
215,0,0,0,0,
216,0,0,0,0,
217,0,0,0,0,
218,0,0,0,0,
219,0,0,0,0,
220,0,0,0,0,
221,0,0,0,0,
222,0,0,0,0,
223,0,0,0,0,
224,0,0,0,0,
225,0,0,0,0,
226,0,0,0,0,
227,0,0,0,0,
228,0,0,0,0,
229,0,0,0,0,
230,0,0,0,0,
231,0,0,0,0,
232,0,0,0,0,
233,0,0,0,0,
234,0,0,0,0,
235,0,0,0,0,
236,0,0,0,0,
237,0,0,0,0,
238,0,0,0,0,
239,0,0,0,0,
240,0,0,0,0,
241,0,0,0,0,
242,0,0,0,0,
243,0,0,0,0,
244,0,0,0,0,
245,0,0,0,0,
246,0,0,0,0,
247,0,0,0,0,
248,0,0,0,0,
249,0,0,0,0,
250,0,0,0,0,
251,0,0,0,0,
252,0,0,0,0,
253,0,0,0,0,
254,0,0,0,0,
255,0,0,0,0,

0,307200,307200,307200,307200,
1,307200,307200,307200,307200,
2,307200,307200,307200,307200,
3,307200,307200,307200,307200,
4,307200,307200,307200,307200,
5,307200,307200,307200,307200,
6,307200,307200,307200,307200,
7,307200,307200,307200,307200,
8,307200,307200,307200,307200,
9,307200,307200,307200,307200,
10,307200,307200,307200,307200,
11,307200,307200,307200,307200,
12,307200,307200,307200,307200,
13,307200,307200,307200,307200,
14,307200,307200,307200,307200,
15,307200,307200,307200,307200,
16,307200,307200,307200,307200,
17,307200,307200,307200,307200,
18,307200,307200,307200,307200,
19,307200,307200,307200,307200,
20,307200,307200,307200,307200,
21,307200,307200,307200,307200,
22,307200,307200,307200,307200,
23,307200,307200,307200,307200,
24,307200,307200,307200,307200,
25,307200,307200,307200,307200,
26,307200,307200,307200,307200,
27,307200,307200,307200,307200,
28,307200,307200,307200,307200,
29,307200,307200,307200,307200,
30,307200,307200,307200,307200,
31,307200,307200,307200,307200,
32,307200,307200,307200,307200,
33,307200,307200,307200,307200,
34,307200,307200,307200,307200,
35,307200,307200,307200,307200,
36,307200,307200,307200,307200,
37,307200,307200,307200,307200,
38,307200,307200,307200,307200,
39,307200,307200,307200,307200,
40,307200,307200,307200,307200,
41,307200,307200,307200,307200,
42,307200,307200,307200,307200,
43,307200,307200,307200,307200,
44,307200,307200,307200,307200,
45,307200,307200,307200,307200,
46,307200,307200,307200,307200,
47,307200,307200,307200,307200,
48,307200,307200,307200,307200,
49,307200,307200,307200,307200,
50,307200,307200,307200,307200,
51,307200,307200,307200,307200,
52,307200,307200,307200,307200,
53,307200,307200,307200,307200,
54,307200,307200,307200,307200,
55,307200,307200,307200,307200,
56,307200,307200,307200,307200,
57,307200,307200,307200,307200,
58,307200,307200,307200,307200,
59,307200,307200,307200,307200,
60,307200,307200,307200,307200,
61,307200,307200,307200,307200,
62,307200,307200,307200,307200,
63,307200,307200,307200,307200,
64,307200,307200,307200,307200,
65,307200,307200,307200,307200,
66,307200,307200,307200,307200,
67,307200,307200,307200,307200,
68,307200,307200,307200,307200,
69,307200,307200,307200,307200,
70,307200,307200,307200,307200,
71,307200,307200,307200,307200,
72,307200,307200,307200,307200,
73,307200,307200,307200,307200,
74,307200,307200,307200,307200,
75,307200,307200,307200,307200,
76,307200,307200,307200,307200,
77,307200,307200,307200,307200,
78,307200,307200,307200,307200,
79,307200,307200,307200,307200,
80,307200,307200,307200,307200,
81,307200,307200,307200,307200,
82,307200,307200,307200,307200,
83,307200,307200,307200,307200,
84,307200,307200,307200,307200,
85,307200,307200,307200,307200,
86,307200,307200,307200,307200,
87,307200,307200,307200,307200,
88,307200,307200,307200,307200,
89,307200,307200,307200,307200,
90,307200,307200,307200,307200,
91,307200,307200,307200,307200,
92,307200,307200,307200,307200,
93,307200,307200,307200,307200,
94,307200,307200,307200,307200,
95,307200,307200,307200,307200,
96,307200,307200,307200,307200,
97,307200,307200,307200,307200,
98,307200,307200,307200,307200,
99,307200,307200,307200,307200,
100,307200,307200,307200,307200,
101,307200,307200,307200,307200,
102,307200,307200,307200,307200,
103,307200,307200,307200,307200,
104,307200,307200,307200,307200,
105,307200,307200,307200,307200,
106,307200,307200,307200,307200,
107,307200,307200,307200,307200,
108,307200,307200,307200,307200,
109,307200,307200,307200,307200,
110,307200,307200,307200,307200,
111,307200,307200,307200,307200,
112,307200,307200,307200,307200,
113,307200,307200,307200,307200,
114,307200,307200,307200,307200,
115,307200,307200,307200,307200,
116,307200,307200,307200,307200,
117,307200,307200,307200,307200,
118,307200,307200,307200,307200,
119,307200,307200,307200,307200,
120,307200,307200,307200,307200,
121,307200,307200,307200,307200,
122,307200,307200,307200,307200,
123,307200,307200,307199,307200,
124,307200,307200,307188,307200,
125,307200,307200,307094,307156,
126,307200,307200,306917,307012,
127,307200,307200,304856,306066,
128,307200,307200,246301,292942,
129,307200,307200,200596,285265,
130,307200,307200,151979,270882,
131,307200,307200,54093,118500,
132,307200,307200,35216,40927,
133,307200,307200,17459,22412,
134,307200,307200,13026,14370,
135,307200,307200,12899,12964,
136,291588,291589,10,10,
137,291533,291529,0,0,
138,291502,291499,0,0,
139,291086,291363,0,0,
140,290799,289997,0,0,
141,290387,289766,0,0,
142,286089,287164,0,0,
143,285182,285632,0,0,
144,284183,282554,0,0,
145,275060,272678,0,0,
146,241790,226588,0,0,
147,217315,182555,0,0,
148,147033,86526,0,0,
149,99471,29451,0,0,
150,59629,9021,0,0,
151,5375,0,0,0,
152,49,0,0,0,
153,0,0,0,0,
154,0,0,0,0,
155,0,0,0,0,
156,0,0,0,0,
157,0,0,0,0,
158,0,0,0,0,
159,0,0,0,0,
160,0,0,0,0,
161,0,0,0,0,
162,0,0,0,0,
163,0,0,0,0,
164,0,0,0,0,
165,0,0,0,0,
166,0,0,0,0,
167,0,0,0,0,
168,0,0,0,0,
169,0,0,0,0,
170,0,0,0,0,
171,0,0,0,0,
172,0,0,0,0,
173,0,0,0,0,
174,0,0,0,0,
175,0,0,0,0,
176,0,0,0,0,
177,0,0,0,0,
178,0,0,0,0,
179,0,0,0,0,
180,0,0,0,0,
181,0,0,0,0,
182,0,0,0,0,
183,0,0,0,0,
184,0,0,0,0,
185,0,0,0,0,
186,0,0,0,0,
187,0,0,0,0,
188,0,0,0,0,
189,0,0,0,0,
190,0,0,0,0,
191,0,0,0,0,
192,0,0,0,0,
193,0,0,0,0,
194,0,0,0,0,
195,0,0,0,0,
196,0,0,0,0,
197,0,0,0,0,
198,0,0,0,0,
199,0,0,0,0,
200,0,0,0,0,
201,0,0,0,0,
202,0,0,0,0,
203,0,0,0,0,
204,0,0,0,0,
205,0,0,0,0,
206,0,0,0,0,
207,0,0,0,0,
208,0,0,0,0,
209,0,0,0,0,
210,0,0,0,0,
211,0,0,0,0,
212,0,0,0,0,
213,0,0,0,0,
214,0,0,0,0,
215,0,0,0,0,
216,0,0,0,0,
217,0,0,0,0,
218,0,0,0,0,
219,0,0,0,0,
220,0,0,0,0,
221,0,0,0,0,
222,0,0,0,0,
223,0,0,0,0,
224,0,0,0,0,
225,0,0,0,0,
226,0,0,0,0,
227,0,0,0,0,
228,0,0,0,0,
229,0,0,0,0,
230,0,0,0,0,
231,0,0,0,0,
232,0,0,0,0,
233,0,0,0,0,
234,0,0,0,0,
235,0,0,0,0,
236,0,0,0,0,
237,0,0,0,0,
238,0,0,0,0,
239,0,0,0,0,
240,0,0,0,0,
241,0,0,0,0,
242,0,0,0,0,
243,0,0,0,0,
244,0,0,0,0,
245,0,0,0,0,
246,0,0,0,0,
247,0,0,0,0,
248,0,0,0,0,
249,0,0,0,0,
250,0,0,0,0,
251,0,0,0,0,
252,0,0,0,0,
253,0,0,0,0,
254,0,0,0,0,
255,0,0,0,0,

0,291596,291596,294353,294353,
1,291593,291593,294351,294351,
2,291593,291593,294349,294349,
3,291591,291589,294344,294347,
4,291587,291587,294341,294342,
5,291587,291587,294339,294339,
6,291585,291584,294336,294336,
7,291579,291579,294333,294335,
8,291579,291579,294330,294333,
9,291579,291579,294329,294331,
10,291576,291573,294326,294328,
11,291571,291572,294324,294325,
12,291570,291570,294323,294324,
13,291569,291569,294318,294321,
14,291567,291565,294314,294320,
15,291563,291562,294311,294317,
16,291561,291561,294307,294312,
17,291559,291557,294307,294311,
18,291555,291555,294303,294308,
19,291552,291552,294303,294305,
20,291550,291551,294298,294303,
21,291550,291546,294295,294300,
22,291545,291544,294290,294298,
23,291543,291541,294287,294293,
24,291540,291540,294286,294289,
25,291539,291537,294283,294287,
26,291535,291534,294279,294286,
27,291534,291531,294277,294282,
28,291531,291529,294274,294277,
29,291526,291527,294272,294274,
30,291525,291524,294267,294270,
31,291522,291520,294261,294265,
32,291522,291519,294256,294262,
33,291519,291518,294251,294257,
34,291517,291517,294245,294252,
35,291517,291514,294237,294245,
36,291511,291509,294231,294241,
37,291510,291508,294226,294236,
38,291507,291505,294217,294234,
39,291506,291505,294209,294230,
40,291503,291502,294200,294222,
41,291499,291497,294193,294217,
42,291499,291497,294179,294211,
43,291498,291496,294162,294208,
44,291497,291495,294124,294205,
45,291496,291492,294088,294203,
46,291494,291490,294033,294195,
47,291492,291487,293969,294191,
48,291490,291486,293906,294183,
49,291486,291486,293771,294179,
50,291482,291480,293494,294174,
51,291481,291478,292649,294171,
52,291481,291478,291236,294162,
53,291481,291478,290015,294042,
54,291480,291477,288702,293654,
55,291478,291475,287569,293323,
56,291478,291475,285985,292735,
57,291477,291475,282809,290874,
58,291477,291472,278386,288737,
59,291475,291471,273462,287490,
60,291472,291471,269151,286041,
61,291468,291464,265655,285136,
62,291465,291462,262825,284300,
63,291464,291457,260621,283585,
64,291463,291457,257910,282650,
65,291463,291457,254268,281099,
66,291462,291456,250392,278862,
67,291462,291454,244667,277045,
68,291457,291453,238480,275746,
69,291456,291452,229064,274597,
70,291456,291452,223699,272028,
71,291453,291450,212054,268951,
72,291452,291447,196098,263187,
73,291450,291446,186280,252223,
74,291445,291444,177720,240520,
75,291445,291440,171319,231362,
76,291442,291436,164610,227002,
77,291438,291430,159012,219080,
78,291435,291396,153699,208221,
79,291425,291229,146296,195064,
80,291422,290983,140016,180263,
81,291414,290498,134270,161099,
82,291370,289550,128777,148985,
83,291342,289335,122088,141762,
84,291258,289056,117095,131222,
85,291132,288742,110356,116663,
86,290840,288238,101345,105035,
87,290520,287869,92422,92863,
88,290151,287441,83924,75079,
89,289648,287070,76096,61002,
90,289264,286722,65827,51579,
91,288887,286463,60293,45539,
92,288561,286113,55600,37857,
93,288049,285664,48317,31783,
94,287555,285125,40058,28516,
95,286866,284370,33796,25639,
96,286125,283764,28343,23076,
97,285520,283277,22877,21273,
98,285124,282886,19814,19624,
99,284676,282530,17473,18025,
100,283992,282073,14718,16403,
101,283043,281390,13440,15355,
102,281691,280350,12842,14394,
103,280538,279261,12539,13890,
104,279714,278383,12397,13480,
105,279145,277477,12273,13103,
106,278233,276670,12129,12795,
107,277237,275539,12008,12562,
108,275828,273604,11858,12338,
109,274051,271003,11711,12126,
110,272026,268213,11587,11881,
111,270836,265755,11435,11655,
112,270071,264314,11299,11457,
113,268659,261998,11198,11262,
114,266867,259221,11073,11048,
115,264903,254637,10926,10825,
116,262006,250490,10763,10580,
117,258885,245358,10603,10333,
118,256018,241707,10459,10160,
119,254659,239709,10277,9987,
120,252305,237206,10117,9796,
121,249303,233502,9956,9602,
122,244914,226730,9775,9335,
123,240078,220817,9605,9066,
124,235242,213930,9434,8814,
125,230778,209325,9238,8599,
126,228318,206115,9027,8329,
127,223802,201867,8849,8024,
128,217678,196960,8649,7760,
129,210448,189358,8486,7448,
130,204402,181279,8300,7082,
131,197010,168369,8079,6718,
132,190913,160316,7864,6439,
133,187912,155752,7626,6175,
134,182419,149175,7422,5889,
135,176307,140131,7245,5642,
136,162868,129502,7064,5373,
137,151623,117251,6863,5137,
138,139325,107633,6686,4917,
139,131149,99889,6512,4723,
140,126925,95964,6360,4488,
141,121304,90270,6221,4181,
142,115285,83767,6022,3937,
143,105912,74761,5795,3717,
144,98381,64956,5599,3462,
145,89979,55599,5402,3153,
146,84089,49772,5213,2855,
147,80787,46664,5035,2546,
148,76699,41292,4864,2249,
149,72435,36322,4724,1959,
150,66719,30934,4606,1685,
151,61373,24477,4458,1447,
152,54885,20814,4325,1228,
153,50913,18312,4173,1012,
154,48810,16783,4027,773,
155,46343,15126,3908,589,
156,43605,13687,3781,404,
157,40291,12004,3640,272,
158,31676,10085,3513,170,
159,26727,8989,3334,111,
160,23809,8244,3151,76,
161,21718,7745,2975,55,
162,18698,7262,2783,36,
163,16375,6826,2620,21,
164,14136,6456,2479,12,
165,11452,6037,2341,8,
166,9927,5689,2239,4,
167,7705,5411,2080,1,
168,6782,5048,1932,0,
169,6173,4653,1799,0,
170,5727,4350,1658,0,
171,5338,4047,1548,0,
172,5024,3755,1466,0,
173,4736,3456,1355,0,
174,4416,3150,1247,0,
175,4117,2922,1138,0,
176,3823,2717,1051,0,
177,3570,2563,968,0,
178,3303,2369,870,0,
179,3059,2160,773,0,
180,2781,1937,678,0,
181,2517,1740,564,0,
182,2319,1522,409,0,
183,2123,1304,240,0,
184,1928,1074,146,0,
185,1767,855,66,0,
186,1624,764,29,0,
187,1445,696,12,0,
188,1264,657,2,0,
189,1119,625,0,0,
190,987,594,0,0,
191,916,546,0,0,
192,878,505,0,0,
193,846,467,0,0,
194,824,441,0,0,
195,790,401,0,0,
196,746,355,0,0,
197,708,313,0,0,
198,663,255,0,0,
199,637,189,0,0,
200,614,138,0,0,
201,581,99,0,0,
202,532,65,0,0,
203,489,55,0,0,
204,457,37,0,0,
205,431,25,0,0,
206,385,14,0,0,
207,334,5,0,0,
208,285,0,0,0,
209,231,0,0,0,
210,178,0,0,0,
211,125,0,0,0,
212,88,0,0,0,
213,55,0,0,0,
214,41,0,0,0,
215,27,0,0,0,
216,18,0,0,0,
217,11,0,0,0,
218,8,0,0,0,
219,3,0,0,0,
220,1,0,0,0,
221,0,0,0,0,
222,0,0,0,0,
223,0,0,0,0,
224,0,0,0,0,
225,0,0,0,0,
226,0,0,0,0,
227,0,0,0,0,
228,0,0,0,0,
229,0,0,0,0,
230,0,0,0,0,
231,0,0,0,0,
232,0,0,0,0,
233,0,0,0,0,
234,0,0,0,0,
235,0,0,0,0,
236,0,0,0,0,
237,0,0,0,0,
238,0,0,0,0,
239,0,0,0,0,
240,0,0,0,0,
241,0,0,0,0,
242,0,0,0,0,
243,0,0,0,0,
244,0,0,0,0,
245,0,0,0,0,
246,0,0,0,0,
247,0,0,0,0,
248,0,0,0,0,
249,0,0,0,0,
250,0,0,0,0,
251,0,0,0,0,
252,0,0,0,0,
253,0,0,0,0,
254,0,0,0,0,
255,0,0,0,0,

